1.000000000000000021e-02 2.017790426804665316e+01 2.017790179623983704e+01 2.017790426726054775e+01 2.017790426726052999e+01 2.017790426726049802e+01 2.017790179623986901e+01 2.017790424562230456e+01 2.017790423025660473e+01 2.017790422472944556e+01 2.017790424408972072e+01 2.017794092559992691e+01
5.116387959866220969e-01 6.226971608495411914e+01 6.226971373278054500e+01 6.226971604620901957e+01 6.226971604620906220e+01 6.226971604620904799e+01 6.226971373278048105e+01 6.226971591779131643e+01 6.226971584076397903e+01 6.226971581543063650e+01 6.226971591939737039e+01 6.226975109029076805e+01
1.013277591973244185e+00 6.454041820162311183e+01 6.454041640245507949e+01 6.454041814235097263e+01 6.454041814235094421e+01 6.454041814235088736e+01 6.454041640245513634e+01 6.454041801507983678e+01 6.454041794391274323e+01 6.454041792129002886e+01 6.454041802165791353e+01 6.454044500528381434e+01
1.514916387959866162e+00 6.469154912670143176e+01 6.469154759958706791e+01 6.469154905088821295e+01 6.469154905088821295e+01 6.469154905088825558e+01 6.469154759958706791e+01 6.469154892816109736e+01 6.469154886287900297e+01 6.469154884260227334e+01 6.469154893839007059e+01 6.469157185471995319e+01
2.016555183946488139e+00 6.426569532569094179e+01 6.426569396436524073e+01 6.426569523516299398e+01 6.426569523516297977e+01 6.426569523516295135e+01 6.426569396436525494e+01 6.426569511745522334e+01 6.426569505726301657e+01 6.426569503889488999e+01 6.426569513062989358e+01 6.426571553094672140e+01
2.518193979933110338e+00 6.362923736978257949e+01 6.362923612098871473e+01 6.362923726556378057e+01 6.362923726556378057e+01 6.362923726556376636e+01 6.362923612098870052e+01 6.362923715286685677e+01 6.362923709708720565e+01 6.362923708030616865e+01 6.362923716855314638e+01 6.362925582655185508e+01
3.019832775919732093e+00 6.290960534237282786e+01 6.290960417501881352e+01 6.290960522510084019e+01 6.290960522510086861e+01 6.290960522510079045e+01 6.290960417501879220e+01 6.290960511730021665e+01 6.290960506540502450e+01 6.290960504997615033e+01 6.290960513520504094e+01 6.290962250043479287e+01
3.521471571906354292e+00 6.216017524271417471e+01 6.216017413679549009e+01 6.216017511279649455e+01 6.216017511279646612e+01 6.216017511279646612e+01 6.216017413679549009e+01 6.216017500975959109e+01 6.216017496133672182e+01 6.216017494708383140e+01 6.216017502967468289e+01 6.216019138988811221e+01
4.023110367892976491e+00 6.140574569196375876e+01 6.140574463371325464e+01 6.140574554966240584e+01 6.140574554966238452e+01 6.140574554966237031e+01 6.140574463371324043e+01 6.140574545126445827e+01 6.140574540598667852e+01 6.140574539277427135e+01 6.140574547303550190e+01 6.140576102524492086e+01
4.524749163879598690e+00 6.065848637375247421e+01 6.065848535321024571e+01 6.065848621922864936e+01 6.065848621922864936e+01 6.065848621922863515e+01 6.065848535321019597e+01 6.065848612535855722e+01 6.065848608296239775e+01 6.065848607068416243e+01 6.065848614886876078e+01 6.065850103475754196e+01
5.026387959866220889e+00 5.992445749392437904e+01 5.992445650359957199e+01 5.992445732726532981e+01 5.992445732726531560e+01 5.992445732726526586e+01 5.992445650359958620e+01 5.992445723782616085e+01 5.992445719809694538e+01 5.992445718666697019e+01 5.992445726298581832e+01 5.992447158838282917e+01
5.528026755852843088e+00 5.920657465185955459e+01 5.920657368594084602e+01 5.920657447309647381e+01 5.920657447309648802e+01 5.920657447309652355e+01 5.920657368594086734e+01 5.920657438800576955e+01 5.920657435076515185e+01 5.920657434011347675e+01 5.920657441474448035e+01 5.920658826110315687e+01
6.029665551839464399e+00 5.850606647910729663e+01 5.850606553296767487e+01 5.850606628822616528e+01 5.850606628822617949e+01 5.850606628822616528e+01 5.850606553296773882e+01 5.850606620741324804e+01 5.850606617251256125e+01 5.850606616258189518e+01 5.850606623567620801e+01 5.850607966725758757e+01
6.531304347826086598e+00 5.782323451691891592e+01 5.782323358679441583e+01 5.782323431387001733e+01 5.782323431387005286e+01 5.782323431386998891e+01 5.782323358679437320e+01 5.782323423727483913e+01 5.782323420458953223e+01 5.782323419533220488e+01 5.782323426701951519e+01 5.782324733554230534e+01
7.032943143812708797e+00 5.715786736904244947e+01 5.715786645181162839e+01 5.715786715374487414e+01 5.715786715374485993e+01 5.715786715374481730e+01 5.715786645181162839e+01 5.715786708131703620e+01 5.715786705074140883e+01 5.715786704211711822e+01 5.715786711251027441e+01 5.715787986031819656e+01
7.534581939799330996e+00 5.650947408805455296e+01 5.650947318108506323e+01 5.650947386040014209e+01 5.650947386040012788e+01 5.650947386040018472e+01 5.650947318108503481e+01 5.650947379209745236e+01 5.650947376354181273e+01 5.650947375551713492e+01 5.650947382471423452e+01 5.650948628697674536e+01
8.036220735785953195e+00 5.587741886831110349e+01 5.587741796935068095e+01 5.587741862816868377e+01 5.587741862816866245e+01 5.587741862816867666e+01 5.587741796935069516e+01 5.587741856395616225e+01 5.587741853734402042e+01 5.587741852988992974e+01 5.587741859797781530e+01 5.587743080430676912e+01
8.537859531772575394e+00 5.526099993769568641e+01 5.526099904479070091e+01 5.526099968491263326e+01 5.526099968491263326e+01 5.526099968491262615e+01 5.526099904479070091e+01 5.526099962476175875e+01 5.526099960002801481e+01 5.526099959312019649e+01 5.526099966017528686e+01 5.526101163574855946e+01
9.039498327759197593e+00 5.465949599906247158e+01 5.465949511049745269e+01 5.465949573346687629e+01 5.465949573346685497e+01 5.465949573346687629e+01 5.465949511049749532e+01 5.465949567735481907e+01 5.465949565444382330e+01 5.465949564806204108e+01 5.465949571415200126e+01 5.465950748059116648e+01
9.541137123745819792e+00 5.407219337877937448e+01 5.407219249303035014e+01 5.407219310018095371e+01 5.407219310018093950e+01 5.407219310018099634e+01 5.407219249303035014e+01 5.407219304809004967e+01 5.407219302695466467e+01 5.407219302108111947e+01 5.407219308626672216e+01 5.407220466230809564e+01
1.004277591973244199e+01 5.349840151403692090e+01 5.349840062973605370e+01 5.349840122222858696e+01 5.349840122222857985e+01 5.349840122222862249e+01 5.349840062973608212e+01 5.349840117414542107e+01 5.349840115474591329e+01 5.349840114936581159e+01 5.349840121370124280e+01 5.349841261571128115e+01
1.054441471571906419e+01 5.293746131538671307e+01 5.293746043129359435e+01 5.293746101014467342e+01 5.293746101014467342e+01 5.293746101014468763e+01 5.293746043129360856e+01 5.293746096606052021e+01 5.293746094836289728e+01 5.293746094346375486e+01 5.293746100699790702e+01 5.293747224934187301e+01
1.104605351170568639e+01 5.238874915651684461e+01 5.238874827149653868e+01 5.238874883760175294e+01 5.238874883760174583e+01 5.238874883760179557e+01 5.238874827149651026e+01 5.238874879751115543e+01 5.238874878148745751e+01 5.238874877705887201e+01 5.238874883983572772e+01 5.238875993524519004e+01
1.154769230769230859e+01 5.185167818916182370e+01 5.185167730216613791e+01 5.185167785631875859e+01 5.185167785631876569e+01 5.185167785631870885e+01 5.185167730216614501e+01 5.185167782021981964e+01 5.185167780584698249e+01 5.185167780188034214e+01 5.185167786393964917e+01 5.185168882372315124e+01
1.204933110367892901e+01 5.132569804346615427e+01 5.132569715351925765e+01 5.132569769642491764e+01 5.132569769642491053e+01 5.132569769642483948e+01 5.132569715351922213e+01 5.132569766431887359e+01 5.132569765157859365e+01 5.132569764806659407e+01 5.132569770944449772e+01 5.132570854372757907e+01
1.255096989966555121e+01 5.081029358253461936e+01 5.081029268872065074e+01 5.081029322100982881e+01 5.081029322100982881e+01 5.081029322100986434e+01 5.081029268872067917e+01 5.081029319290071555e+01 5.081029318177836984e+01 5.081029317871556117e+01 5.081029323944476062e+01 5.081030395732241800e+01
1.305260869565217341e+01 5.030498313410191003e+01 5.030498223555495940e+01 5.030498275779320494e+01 5.030498275779319073e+01 5.030498275779313389e+01 5.030498223555500203e+01 5.030498273368785789e+01 5.030498272417263905e+01 5.030498272155462303e+01 5.030498278166489712e+01 5.030499339134271253e+01
1.355424749163879561e+01 4.980931646679436398e+01 4.980931556268991756e+01 4.980931607538607153e+01 4.980931607538607864e+01 4.980931607538603600e+01 4.980931556268992466e+01 4.980931605529362827e+01 4.980931604737802587e+01 4.980931604520169742e+01 4.980931610472018889e+01 4.980932661364440861e+01
1.405588628762541781e+01 4.932287267863126345e+01 4.932287176817859375e+01 4.932287227179231337e+01 4.932287227179227784e+01 4.932287227179227074e+01 4.932287176817853691e+01 4.932287225572421363e+01 4.932287224940407100e+01 4.932287224766733402e+01 4.932287230661867738e+01 4.932288272153891739e+01
1.455752508361204001e+01 4.884525810072569385e+01 4.884525718316240273e+01 4.884525767810961128e+01 4.884525767810959707e+01 4.884525767810964680e+01 4.884525718316244536e+01 4.884525766607944774e+01 4.884525766135314484e+01 4.884525766005500458e+01 4.884525771846171693e+01 4.884526804555059698e+01
1.505916387959866221e+01 4.837610427757996945e+01 4.837610335216594137e+01 4.837610383882432785e+01 4.837610383882432075e+01 4.837610383882432075e+01 4.837610335216587742e+01 4.837610383084764010e+01 4.837610382771637774e+01 4.837610382685665655e+01 4.837610388473927969e+01 4.837611412965323865e+01
1.556080267558528440e+01 4.791506605804799790e+01 4.791506512406061091e+01 4.791506560277409932e+01 4.791506560277411353e+01 4.791506560277399274e+01 4.791506512406060381e+01 4.791506559886833827e+01 4.791506559733586812e+01 4.791506559691512734e+01 4.791506565429244091e+01 4.791507582221340300e+01
1.606244147157190838e+01 4.746181981340455280e+01 4.746181887013539580e+01 4.746181934121721469e+01 4.746181934121721469e+01 4.746181934121724311e+01 4.746181887013539580e+01 4.746181934140149394e+01 4.746181934147374903e+01 4.746181934149362291e+01 4.746181939838268704e+01 4.746182949408630947e+01
1.656408026755853058e+01 4.701606178819375259e+01 4.701606083494385047e+01 4.701606129868029171e+01 4.701606129868029171e+01 4.701606129868028461e+01 4.701606083494380783e+01 4.701606130297539465e+01 4.701606130466073097e+01 4.701606130512340087e+01 4.701606136153977644e+01 4.701607138943638375e+01
1.706571906354515278e+01 4.657750658224088625e+01 4.657750561831823433e+01 4.657750607497128925e+01 4.657750607497128925e+01 4.657750607497122530e+01 4.657750561831823433e+01 4.657750608339961929e+01 4.657750608670812653e+01 4.657750608761668332e+01 4.657750614357448882e+01 4.657751610773516404e+01
1.756735785953177498e+01 4.614588575826570604e+01 4.614588478298201579e+01 4.614588523279169863e+01 4.614588523279171284e+01 4.614588523279178389e+01 4.614588478298198737e+01 4.614588524537706604e+01 4.614588525032112187e+01 4.614588525167922484e+01 4.614588530719133530e+01 4.614589521140370465e+01
1.806899665551839718e+01 4.572094656735382046e+01 4.572094558002143572e+01 4.572094602320822787e+01 4.572094602320823498e+01 4.572094602320819234e+01 4.572094558002149256e+01 4.572094603997582851e+01 4.572094604656965799e+01 4.572094604838162724e+01 4.572094610345966004e+01 4.572095595123096246e+01
1.857063545150501938e+01 4.530245078322888475e+01 4.530244978315874960e+01 4.530245021992492127e+01 4.530245021992493548e+01 4.530245021992490706e+01 4.530244978315872828e+01 4.530245024090125128e+01 4.530245024916100505e+01 4.530245025143174331e+01 4.530245030608622869e+01 4.530246010070178642e+01
1.907227424749164157e+01 4.489017363633941216e+01 4.489017262283825715e+01 4.489017305336994923e+01 4.489017305336994923e+01 4.489017305336999897e+01 4.489017262283825715e+01 4.489017307858284056e+01 4.489017308852621113e+01 4.489017309126143118e+01 4.489017314550179805e+01 4.489018289002402895e+01
1.957391304347826377e+01 4.448390283869149897e+01 4.448390181105949637e+01 4.448390223552803491e+01 4.448390223552802780e+01 4.448390223552802780e+01 4.448390181105947505e+01 4.448390226500645639e+01 4.448390227665309737e+01 4.448390227985881751e+01 4.448390233369360658e+01 4.448391203096397106e+01
2.007555183946488597e+01 4.408343769095623799e+01 4.408343664848542431e+01 4.408343706704845033e+01 4.408343706704844323e+01 4.408343706704835796e+01 4.408343664848539589e+01 4.408343710082262135e+01 4.408343711419363586e+01 4.408343711787671282e+01 4.408343717131344874e+01 4.408344682402465509e+01
2.057719063545150817e+01 4.368858826424165187e+01 4.368858720621305025e+01 4.368858761901606158e+01 4.368858761901605448e+01 4.368858761901608290e+01 4.368858720621307867e+01 4.368858765711714653e+01 4.368858767223539985e+01 4.368858767640322327e+01 4.368858772944854252e+01 4.368859734009683393e+01
2.107882943143813037e+01 4.329917464910152347e+01 4.329917357478392859e+01 4.329917398196062095e+01 4.329917398196061384e+01 4.329917398196062805e+01 4.329917357478390727e+01 4.329917402442094954e+01 4.329917404131100511e+01 4.329917404597127728e+01 4.329917409863111288e+01 4.329918366957296882e+01
2.158046822742475257e+01 4.291502626569484846e+01 4.291502517434206254e+01 4.291502557601585011e+01 4.291502557601585721e+01 4.291502557601582879e+01 4.291502517434195596e+01 4.291502562286873967e+01 4.291502564155653943e+01 4.291502564671787212e+01 4.291502569899717656e+01 4.291503523248207586e+01
2.208210702341137477e+01 4.253598122934720038e+01 4.253598012019623553e+01 4.253598051648094014e+01 4.253598051648094014e+01 4.253598051648091172e+01 4.253598012019622132e+01 4.253598056776061753e+01 4.253598058827370210e+01 4.253598059394511210e+01 4.253598064584818417e+01 4.253599014391919297e+01
2.258374581939799697e+01 4.216188576602557703e+01 4.216188463829513466e+01 4.216188502929537663e+01 4.216188502929536241e+01 4.216188502929529136e+01 4.216188463829508493e+01 4.216188508503710608e+01 4.216188510740450113e+01 4.216188511359543156e+01 4.216188516512597317e+01 4.216189462977933999e+01
2.308538461538461917e+01 4.179259367396373648e+01 4.179259252685138648e+01 4.179259291266347986e+01 4.179259291266349408e+01 4.179259291266343723e+01 4.179259252685133674e+01 4.179259297290341379e+01 4.179259299715566556e+01 4.179259300387602849e+01 4.179259305503712341e+01 4.179260248813488232e+01
2.358702341137124137e+01 4.142796582674272798e+01 4.142796465942357287e+01 4.142796504013615078e+01 4.142796504013615788e+01 4.142796504013617920e+01 4.142796465942355155e+01 4.142796510491120898e+01 4.142796513108041268e+01 4.142796513834198180e+01 4.142796518913500137e+01 4.142797459242057556e+01
2.408866220735786001e+01 4.106786971449115242e+01 4.106786852611509175e+01 4.106786890180963212e+01 4.106786890180963212e+01 4.106786890180956817e+01 4.106786852611507754e+01 4.106786897115764390e+01 4.106786899927734424e+01 4.106786900709050059e+01 4.106786905751771855e+01 4.106787843267904492e+01
2.459030100334448221e+01 4.071217902029067659e+01 4.071217780998075142e+01 4.071217818073178307e+01 4.071217818073176176e+01 4.071217818073179018e+01 4.071217780998074431e+01 4.071217825469133089e+01 4.071217828479665002e+01 4.071217829317325254e+01 4.071217834323557128e+01 4.071218769182173958e+01
2.509193979933110441e+01 4.036077322828103320e+01 4.036077199513076863e+01 4.036077236100686605e+01 4.036077236100686605e+01 4.036077236100693000e+01 4.036077199513083968e+01 4.036077243961740635e+01 4.036077247174474536e+01 4.036077248069727119e+01 4.036077253039504598e+01 4.036078185393415652e+01
2.559357859531772661e+01 4.001353726170400193e+01 4.001353600477536077e+01 4.001353636583900197e+01 4.001353636583899487e+01 4.001353636583901618e+01 4.001353600477534656e+01 4.001353644914071594e+01 4.001353648332809598e+01 4.001353649286944147e+01 4.001353654220248757e+01 4.001354584210242393e+01
2.609521739130434881e+01 3.967036114769533128e+01 3.967035986601584341e+01 3.967036022232407078e+01 3.967036022232407078e+01 3.967036022232407078e+01 3.967035986601582209e+01 3.967036031035779331e+01 3.967036034664477739e+01 3.967036035678844996e+01 3.967036040575599998e+01 3.967036968337230718e+01
2.659685618729097101e+01 3.933113970737512943e+01 3.933113839993588812e+01 3.933113875154047179e+01 3.933113875154045758e+01 3.933113875154050021e+01 3.933113839993594496e+01 3.933113884434782648e+01 3.933113888277531345e+01 3.933113889353547421e+01 3.933113894213622075e+01 3.933114819873909340e+01
2.709849498327759321e+01 3.899577226878092517e+01 3.899577093453311250e+01 3.899577128148098382e+01 3.899577128148100513e+01 3.899577128148098382e+01 3.899577093453309828e+01 3.899577137910422664e+01 3.899577141971469985e+01 3.899577143110604283e+01 3.899577147933815979e+01 3.899578071615904662e+01
2.760013377926421541e+01 3.866416240124662096e+01 3.866416103909950408e+01 3.866416138143290482e+01 3.866416138143291903e+01 3.866416138143290482e+01 3.866416103909948276e+01 3.866416148391493834e+01 3.866416152675243012e+01 3.866416153879025330e+01 3.866416158665133906e+01 3.866417080485436486e+01
2.810177257525083760e+01 3.833621766915866402e+01 3.833621627797552378e+01 3.833621661573256745e+01 3.833621661573255324e+01 3.833621661573260297e+01 3.833621627797555931e+01 3.833621672311694084e+01 3.833621676822699698e+01 3.833621678092717389e+01 3.833621682841438627e+01 3.833622602910181598e+01
2.860341137123745980e+01 3.801184940386447408e+01 3.801184798245990493e+01 3.801184831567439204e+01 3.801184831567439204e+01 3.801184831567445599e+01 3.801184798245991203e+01 3.801184842800535080e+01 3.801184847543501633e+01 3.801184848881378286e+01 3.801184853592395996e+01 3.801185772016288666e+01
2.910505016722408200e+01 3.769097249213272249e+01 3.769097103926949899e+01 3.769097136797129366e+01 3.769097136797129366e+01 3.769097136797123682e+01 3.769097103926948478e+01 3.769097148529357355e+01 3.769097153509148512e+01 3.769097154916682513e+01 3.769097159589550472e+01 3.769098076467989955e+01
2.960668896321070420e+01 3.737350517978397590e+01 3.737350369416834894e+01 3.737350401838357072e+01 3.737350401838357783e+01 3.737350401838357783e+01 3.737350369416827078e+01 3.737350414074249727e+01 3.737350419295873394e+01 3.737350420774836124e+01 3.737350425409130850e+01 3.737351340841738079e+01
3.010832775919732640e+01 3.705936888958822095e+01 3.705936736986617319e+01 3.705936768961777261e+01 3.705936768961777972e+01 3.705936768961777972e+01 3.705936736986614477e+01 3.705936781705921135e+01 3.705936787174569957e+01 3.705936788726791775e+01 3.705936793322035072e+01 3.705937707398857839e+01
3.060996655518394860e+01 3.674848805159769682e+01 3.674848649635156761e+01 3.674848681165858011e+01 3.674848681165858011e+01 3.674848681165853037e+01 3.674848649635154629e+01 3.674848694422911421e+01 3.674848700143911628e+01 3.674848701771293236e+01 3.674848706326963566e+01 3.674849619138086609e+01
3.111160535117057080e+01 3.644078994578939046e+01 3.644078835353192858e+01 3.644078866441054743e+01 3.644078866441054743e+01 3.644078866441049058e+01 3.644078835353192858e+01 3.644078880215695193e+01 3.644078886194557043e+01 3.644078887899114960e+01 3.644078892414609783e+01 3.644079804043134629e+01
3.161324414715719300e+01 3.613620455501373385e+01 3.613620292418351454e+01 3.613620323064674977e+01 3.613620323064675688e+01 3.613620323064677109e+01 3.613620292418347191e+01 3.613620337361658130e+01 3.613620343604048912e+01 3.613620345387833765e+01 3.613620349862529224e+01 3.613621260389648171e+01
3.211488294314381164e+01 3.583466442827961629e+01 3.583466275723605321e+01 3.583466305929381690e+01 3.583466305929381690e+01 3.583466305929381690e+01 3.583466275723601768e+01 3.583466320753491630e+01 3.583466327265251294e+01 3.583466329130415318e+01 3.583466333563616502e+01 3.583467243064865926e+01
3.261652173913043384e+01 3.553610455272301749e+01 3.553610283973927864e+01 3.553610313739896753e+01 3.553610313739896043e+01 3.553610313739886095e+01 3.553610283973928574e+01 3.553610329095977960e+01 3.553610335883112015e+01 3.553610337831865706e+01 3.553610342222844309e+01 3.553611250774756769e+01
3.311816053511705604e+01 3.524046223420030088e+01 3.524046047745798660e+01 3.524046077072409844e+01 3.524046077072411975e+01 3.524046077072413397e+01 3.524046047745796528e+01 3.524046092965353694e+01 3.524046100034029649e+01 3.524046102068679431e+01 3.524046106416654567e+01 3.524047014089393315e+01
3.361979933110367824e+01 3.494767698524861999e+01 3.494767518283030938e+01 3.494767547170474131e+01 3.494767547170473421e+01 3.494767547170469157e+01 3.494767518283026675e+01 3.494767563605193317e+01 3.494767570961779768e+01 3.494767573084686774e+01 3.494767577388835633e+01 3.494768484249432561e+01
3.412143812709030044e+01 3.465769042005619127e+01 3.465768856993739888e+01 3.465768885441969616e+01 3.465768885441969616e+01 3.465768885441966063e+01 3.465768856993739888e+01 3.465768902423438647e+01 3.465768910074456244e+01 3.465768912288098136e+01 3.465768916547536094e+01 3.465769822662263522e+01
3.462307692307692264e+01 3.437044615590551899e+01 3.437044425594680064e+01 3.437044453603390792e+01 3.437044453603391503e+01 3.437044453603391503e+01 3.437044425594679353e+01 3.437044471136612600e+01 3.437044479088795157e+01 3.437044481395702888e+01 3.437044485609508371e+01 3.437045391038851250e+01
3.512471571906354484e+01 3.408588972027952479e+01 3.408588776821699184e+01 3.408588804390367244e+01 3.408588804390369376e+01 3.408588804390365823e+01 3.408588776821707711e+01 3.408588822480385261e+01 3.408588830740622200e+01 3.408588833143443964e+01 3.408588837310636421e+01 3.408589742116958377e+01
3.562635451505016704e+01 3.380396846360224572e+01 3.380396645703797276e+01 3.380396672831643912e+01 3.380396672831643912e+01 3.380396672831638938e+01 3.380396645703801539e+01 3.380396691483527860e+01 3.380396700058931003e+01 3.380396702560365441e+01 3.380396706679929508e+01 3.380397610919546736e+01
3.612799331103678924e+01 3.352463147666979637e+01 3.352462941305967092e+01 3.352462967992036624e+01 3.352462967992035914e+01 3.352462967992041598e+01 3.352462941305957855e+01 3.352462987210902412e+01 3.352462996108747717e+01 3.352462998711627051e+01 3.352463002782484125e+01 3.352463906510306657e+01
3.662963210702341144e+01 3.324782951286156418e+01 3.324782738950411698e+01 3.324782765193509704e+01 3.324782765193509704e+01 3.324782765193509704e+01 3.324782738950411698e+01 3.324782784984489581e+01 3.324782794212272563e+01 3.324782796919506467e+01 3.324782800940528915e+01 3.324783704209267654e+01
3.713127090301003363e+01 3.297351491446562477e+01 3.297351272848784731e+01 3.297351298647524231e+01 3.297351298647521389e+01 3.297351298647520679e+01 3.297351272848782600e+01 3.297351319015798765e+01 3.297351328581181207e+01 3.297351331395773144e+01 3.297351335365797809e+01 3.297352238227922072e+01
3.763290969899665583e+01 3.270164154303687098e+01 3.270163929137959258e+01 3.270163954490739400e+01 3.270163954490740110e+01 3.270163954490733005e+01 3.270163929137962100e+01 3.270163975441510473e+01 3.270163985352373004e+01 3.270163988277456468e+01 3.270163992195245584e+01 3.270164894699772873e+01
3.813454849498327803e+01 3.243216471335377094e+01 3.243216239275478330e+01 3.243216264180507835e+01 3.243216264180509256e+01 3.243216264180516362e+01 3.243216239275480461e+01 3.243216285719012859e+01 3.243216295983452824e+01 3.243216299022230231e+01 3.243216302886515479e+01 3.243217205078314436e+01
3.863618729096990023e+01 3.216504113075630755e+01 3.216503873773211808e+01 3.216503898228506841e+01 3.216503898228506841e+01 3.216503898228508262e+01 3.216503873773210387e+01 3.216503920359972568e+01 3.216503930986292659e+01 3.216503934142118482e+01 3.216503937951555514e+01 3.216504839875037902e+01
3.913782608695652243e+01 3.190022883178847479e+01 3.190022636261338818e+01 3.190022660264748922e+01 3.190022660264747145e+01 3.190022660264746435e+01 3.190022636261337752e+01 3.190022682994459657e+01 3.190022693991182834e+01 3.190022697267482599e+01 3.190022701020695450e+01 3.190023602719909235e+01
3.963946488294314463e+01 3.163768712781383385e+01 3.163768457849731419e+01 3.163768481398906829e+01 3.163768481398905408e+01 3.163768481398906829e+01 3.163768457849730709e+01 3.163768504732137643e+01 3.163768516108009266e+01 3.163768519508355581e+01 3.163768523203896876e+01 3.163769424720474532e+01
4.014110367892976683e+01 3.137737655144436033e+01 3.137737391770496487e+01 3.137737414862916907e+01 3.137737414862915841e+01 3.137737414862918328e+01 3.137737391770496487e+01 3.137737438804986567e+01 3.137737450568949171e+01 3.137737454097025136e+01 3.137737457733406288e+01 3.137738359106989705e+01
4.064274247491638903e+01 3.111925880567560299e+01 3.111925608291224066e+01 3.111925630924182684e+01 3.111925630924182329e+01 3.111925630924183395e+01 3.111925608291222289e+01 3.111925655480404629e+01 3.111925667641667559e+01 3.111925671301282392e+01 3.111925674876945536e+01 3.111926576144687573e+01
4.114438127090301123e+01 3.086329671546821274e+01 3.086329389872716789e+01 3.086329412043358289e+01 3.086329412043359710e+01 3.086329412043355802e+01 3.086329389872721762e+01 3.086329437219083616e+01 3.086329449787069379e+01 3.086329453582137106e+01 3.086329457095490625e+01 3.086330358295240828e+01
4.164602006688963343e+01 3.060945418195770884e+01 3.060945126589632537e+01 3.060945148294906915e+01 3.060945148294904428e+01 3.060945148294902651e+01 3.060945126589632181e+01 3.060945174095479970e+01 3.060945187079858698e+01 3.060945191014439359e+01 3.060945194463820940e+01 3.060946095630653474e+01
4.214765886287625563e+01 3.035769613867740802e+01 3.035769311752128630e+01 3.035769332988862246e+01 3.035769332988862246e+01 3.035769332988862246e+01 3.035769311752129340e+01 3.035769359419627023e+01 3.035769372830300483e+01 3.035769376908617545e+01 3.035769380292297015e+01 3.035770281458101749e+01
4.264929765886287782e+01 3.010798851005793253e+01 3.010798537755464110e+01 3.010798558520277624e+01 3.010798558520277624e+01 3.010798558520279400e+01 3.010798537755464110e+01 3.010798585586621456e+01 3.010798599433722345e+01 3.010798603660127526e+01 3.010798606976322489e+01 3.010799508173366235e+01
4.315093645484950002e+01 2.986029817210703996e+01 2.986029492147093833e+01 2.986029512436482491e+01 2.986029512436482491e+01 2.986029512436490663e+01 2.986029492147096320e+01 2.986029540143758609e+01 2.986029554437715916e+01 2.986029558816686347e+01 2.986029562063562537e+01 2.986030463322203232e+01
4.365257525083612222e+01 2.961459291484915113e+01 2.961458953869966138e+01 2.961458973680255724e+01 2.961458973680254658e+01 2.961458973680258211e+01 2.961458953869971822e+01 2.961459002033848620e+01 2.961459016785294907e+01 2.961459021321480378e+01 2.961459024497137094e+01 2.961459925844552643e+01
4.415421404682274442e+01 2.937084140674666344e+01 2.937083789703683578e+01 2.937083809031025083e+01 2.937083809031030412e+01 2.937083809031032189e+01 2.937083789703679670e+01 2.937083838036286920e+01 2.937083853256184440e+01 2.937083857954406341e+01 2.937083861056859391e+01 2.937084762522223258e+01
4.465585284280936662e+01 2.912901316095547699e+01 2.912900950888946383e+01 2.912900969729369649e+01 2.912900969729369649e+01 2.912900969729372136e+01 2.912900950888942475e+01 2.912900999391686341e+01 2.912901015091191681e+01 2.912901019956404269e+01 2.912901022983638200e+01 2.912901924592212666e+01
4.515749163879598882e+01 2.888907850306989999e+01 2.888907469900720670e+01 2.888907488250098865e+01 2.888907488250098865e+01 2.888907488250101352e+01 2.888907469900722447e+01 2.888907518574817601e+01 2.888907534765433027e+01 2.888907539802749724e+01 2.888907542752675539e+01 2.888908444532037834e+01
4.565913043478261102e+01 2.865100854069752501e+01 2.865100457404258805e+01 2.865100475258301316e+01 2.865100475258300605e+01 2.865100475258302737e+01 2.865100457404262002e+01 2.865100506250778878e+01 2.865100522944243266e+01 2.865100528158983195e+01 2.865100531029435160e+01 2.865101433007530218e+01
4.616076923076923322e+01 2.841477513454250925e+01 2.841477099361344827e+01 2.841477116715627815e+01 2.841477116715625328e+01 2.841477116715624618e+01 2.841477099361347314e+01 2.841477148381215301e+01 2.841477165589551035e+01 2.841477170987192125e+01 2.841477173775952636e+01 2.841478075969474304e+01
4.666240802675585542e+01 2.818035087056344068e+01 2.818034654244040738e+01 2.818034671093954913e+01 2.818034671093954202e+01 2.818034671093951360e+01 2.818034654244035764e+01 2.818034703437989563e+01 2.818034721173506796e+01 2.818034726759736586e+01 2.818034729464503130e+01 2.818035631895208226e+01
4.716404682274247762e+01 2.794770903405429507e+01 2.794770450439671095e+01 2.794770466780525453e+01 2.794770466780529006e+01 2.794770466780529716e+01 2.794770450439672871e+01 2.794770499808328879e+01 2.794770518083637612e+01 2.794770523864324474e+01 2.794770526482734141e+01 2.794771429172030253e+01
4.766568561872909982e+01 2.771682358466731699e+01 2.771681883750051867e+01 2.771681899576975638e+01 2.771681899576973507e+01 2.771681899576972086e+01 2.771681883750051156e+01 2.771681933293839961e+01 2.771681952121861414e+01 2.771681958103066279e+01 2.771681960632682262e+01 2.771682863596248581e+01
4.816732441471571491e+01 2.748766913260375233e+01 2.748766415006020480e+01 2.748766430314011089e+01 2.748766430314011444e+01 2.748766430314002562e+01 2.748766415006023678e+01 2.748766464725193259e+01 2.748766484119186160e+01 2.748766490307181698e+01 2.748766492745492229e+01 2.748767396008000929e+01
4.866896321070233711e+01 2.726022091643989853e+01 2.726021567845048210e+01 2.726021582628916562e+01 2.726021582628914430e+01 2.726021582628913009e+01 2.726021567845048921e+01 2.726021617739674596e+01 2.726021637713149204e+01 2.726021644114443632e+01 2.726021646458860204e+01 2.726022550032743652e+01
4.917060200668895931e+01 2.703445478129505020e+01 2.703444926521055791e+01 2.703444940775524330e+01 2.703444940775527172e+01 2.703444940775518290e+01 2.703444926521054370e+01 2.703444976591095283e+01 2.703444997157923169e+01 2.703445003779209088e+01 2.703445006027082442e+01 2.703445909928811730e+01
4.967224080267558151e+01 2.681034715867210849e+01 2.681034133880523029e+01 2.681034147600147932e+01 2.681034147600146866e+01 2.681034147600154682e+01 2.681034133880521964e+01 2.681034184125712372e+01 2.681034205300064599e+01 2.681034212148299289e+01 2.681034214296889928e+01 2.681035118546700602e+01
5.017387959866220370e+01 2.658787504709222205e+01 2.658786889414744792e+01 2.658786902593958956e+01 2.658786902593957180e+01 2.658786902593953982e+01 2.658786889414747279e+01 2.658786939834691765e+01 2.658786961631086143e+01 2.658786968713434362e+01 2.658786970759935997e+01 2.658787875364924957e+01
5.067551839464882590e+01 2.636701599333424895e+01 2.636700947370347947e+01 2.636700960003398109e+01 2.636700960003397043e+01 2.636700960003393135e+01 2.636700947370350789e+01 2.636700997964416260e+01 2.636701020397707040e+01 2.636701027721613499e+01 2.636701029663123919e+01 2.636701934637350675e+01
5.117715719063544810e+01 2.614774807503726350e+01 2.614774114990830611e+01 2.614774127071863674e+01 2.614774127071862608e+01 2.614774127071867937e+01 2.614774114990827769e+01 2.614774165758236180e+01 2.614774188843651359e+01 2.614774196416790275e+01 2.614774198250340476e+01 2.614775103604500472e+01
5.167879598662207030e+01 2.593004988376808129e+01 2.593004250799631905e+01 2.593004262322678599e+01 2.593004262322678244e+01 2.593004262322678599e+01 2.593004250799633326e+01 2.593004301739454576e+01 2.593004325492541540e+01 2.593004333322849675e+01 2.593004335045388231e+01 2.593005240792869515e+01
5.218043478260869250e+01 2.571390050916433623e+01 2.571389262981813317e+01 2.571389273940710041e+01 2.571389273940711462e+01 2.571389273940708975e+01 2.571389262981814383e+01 2.571389314092880696e+01 2.571389338529537838e+01 2.571389346625264594e+01 2.571389348233639893e+01 2.571390254384949614e+01
5.268207357859531470e+01 2.549927952370214257e+01 2.549927107816514393e+01 2.549927118204986343e+01 2.549927118204986343e+01 2.549927118204986698e+01 2.549927107816512262e+01 2.549927159097488882e+01 2.549927184234011790e+01 2.549927192603655257e+01 2.549927194094643212e+01 2.549928100657410468e+01
5.318371237458193690e+01 2.528616696831189969e+01 2.528615788177073753e+01 2.528615797988698333e+01 2.528615797988696201e+01 2.528615797988698333e+01 2.528615788177070556e+01 2.528615839626425910e+01 2.528615865479435243e+01 2.528615874131826757e+01 2.528615875502104515e+01 2.528616782483124581e+01
5.368535117056855910e+01 2.507454333887568509e+01 2.507453352093549626e+01 2.507453361321770302e+01 2.507453361321770302e+01 2.507453361321770302e+01 2.507453352093547494e+01 2.507453403709534356e+01 2.507453430296100549e+01 2.507453439240325466e+01 2.507453440486497342e+01 2.507454347892776525e+01
5.418698996655518130e+01 2.486438957364546454e+01 2.486437891368672126e+01 2.486437900006787061e+01 2.486437900006789548e+01 2.486437900006789903e+01 2.486437891368670705e+01 2.486437943149362439e+01 2.486437970486861460e+01 2.486437979732397352e+01 2.486437980850949359e+01 2.486438888691300519e+01
5.468862876254180350e+01 2.465568704195829497e+01 2.465567540262173551e+01 2.465567548303341994e+01 2.465567548303341994e+01 2.465567548303341283e+01 2.465567540262174617e+01 2.465567592205445635e+01 2.465567620311671959e+01 2.465567629868266408e+01 2.465567630855620251e+01 2.465568539131770009e+01
5.519026755852842570e+01 2.444841753409810181e+01 2.444840474191803281e+01 2.444840481629038464e+01 2.444840481629042017e+01 2.444840481629043794e+01 2.444840474191806834e+01 2.444840526295281435e+01 2.444840555188505249e+01 2.444840565066242988e+01 2.444840565918718056e+01 2.444841474634150202e+01
5.569190635451504789e+01 2.424256325351409558e+01 2.424254908505858808e+01 2.424254915332053884e+01 2.424254915332053884e+01 2.424254915332052818e+01 2.424254908505858452e+01 2.424254960767015632e+01 2.424254990465803772e+01 2.424255000675172056e+01 2.424255001388980446e+01 2.424255910545968007e+01
5.619354515050167009e+01 2.403810681230284629e+01 2.403809097295763308e+01 2.403809103503632372e+01 2.403809103503631661e+01 2.403809103503639477e+01 2.403809097295764374e+01 2.403809149711735316e+01 2.403809180235183973e+01 2.403809190787004724e+01 2.403809191358265807e+01 2.403810100963405816e+01
5.669518394648829229e+01 2.383503123245740341e+01 2.383501332260491168e+01 2.383501337842637824e+01 2.383501337842636758e+01 2.383501337842638534e+01 2.383501332260493299e+01 2.383501384828323921e+01 2.383501416195825939e+01 2.383501427101334613e+01 2.383501427526069349e+01 2.383502337574338981e+01
5.719682274247491449e+01 2.363331995726249346e+01 2.363329941568342463e+01 2.363329946517209379e+01 2.363329946517209734e+01 2.363329946517214353e+01 2.363329941568341397e+01 2.363329994284776348e+01 2.363330026516222659e+01 2.363330037787039473e+01 2.363330038061159399e+01 2.363330948553267419e+01
5.769846153846153669e+01 2.343295688489390471e+01 2.343293288807598174e+01 2.343293293115518594e+01 2.343293293115515397e+01 2.343293293115511489e+01 2.343293288807594621e+01 2.343293341669210150e+01 2.343293374784908778e+01 2.343293386433037639e+01 2.343293386552373647e+01 2.343294297488450795e+01
5.820010033444815889e+01 2.323392645094291353e+01 2.323389771951123706e+01 2.323389775610250396e+01 2.323389775610250041e+01 2.323389775610255370e+01 2.323389771951124416e+01 2.323389824954174898e+01 2.323389858974899980e+01 2.323389871012814112e+01 2.323389870973067062e+01 2.323390782353835959e+01
5.870173913043478109e+01 2.303621383734507688e+01 2.303617822352780209e+01 2.303617825355127380e+01 2.303617825355125603e+01 2.303617825355121695e+01 2.303617822352778788e+01 2.303617875493309342e+01 2.303617910440273775e+01 2.303617922880874502e+01 2.303617922677644003e+01 2.303618834500177570e+01
5.920337792642140329e+01 2.283980556583590271e+01 2.283975903782580730e+01 2.283975906120034693e+01 2.283975906120033628e+01 2.283975906120033628e+01 2.283975903782582151e+01 2.283975957056407324e+01 2.283975992951243228e+01 2.283976005807912912e+01 2.283976005436690926e+01 2.283976917692221420e+01
5.970501672240802549e+01 2.264469158677700733e+01 2.264462511477133333e+01 2.264462513141404187e+01 2.264462513141405964e+01 2.264462513141401345e+01 2.264462511477131912e+01 2.264462564879780615e+01 2.264462601744651238e+01 2.264462615031219883e+01 2.264462614487393211e+01 2.264463527172116031e+01
6.020665551839464769e+01 2.245087623409656175e+01 2.245076171254654085e+01 2.245076172237339307e+01 2.245076172237338596e+01 2.245076172237338596e+01 2.245076171254655506e+01 2.245076224781371721e+01 2.245076262638926679e+01 2.245076276369733392e+01 2.245076275648570885e+01 2.245077188755146125e+01
6.070829431438126988e+01 2.225854576327597201e+01 2.225815438624276865e+01 2.225815438916825784e+01 2.225815438916826849e+01 2.225815438916821520e+01 2.225815438624279707e+01 2.225815492270155715e+01 2.225815531143428316e+01 2.225815545333343692e+01 2.225815544429999449e+01 2.225816457954234906e+01
6.120993311036789208e+01 2.206650230666244994e+01 2.206678897956311758e+01 2.206678897549977592e+01 2.206678897549978302e+01 2.206678897549981855e+01 2.206678897956312468e+01 2.206678951716019199e+01 2.206678991628576014e+01 2.206679006293024869e+01 2.206678940049810578e+01 2.206679919138225898e+01
6.171157190635451428e+01 2.187654523005464924e+01 2.187665161661101010e+01 2.187665160547032528e+01 2.187665160547033238e+01 2.187665160547032883e+01 2.187665161661098523e+01 2.187665215529148099e+01 2.187665256505081857e+01 2.187665271659992072e+01 2.187665203975886996e+01 2.187666184709049588e+01
6.221321070234113648e+01 2.168766282031346648e+01 2.168772869375591839e+01 2.168772867544788596e+01 2.168772867544790373e+01 2.168772867544786109e+01 2.168772869375592194e+01 2.168772923346135073e+01 2.168772965410020959e+01 2.168772981071949246e+01 2.168772911912765977e+01 2.168773894312919737e+01
6.271484949832775868e+01 2.149995887078181767e+01 2.150000687231325713e+01 2.150000684674614959e+01 2.150000684674613183e+01 2.150000684674619222e+01 2.150000687231332464e+01 2.150000741298266504e+01 2.150000784475160387e+01 2.150000800661254274e+01 2.150000729991925041e+01 2.150001714077429682e+01
6.321648829431438088e+01 2.131343513100503984e+01 2.131347307105580313e+01 2.131347303813632621e+01 2.131347303813635463e+01 2.131347303813636884e+01 2.131347307105576050e+01 2.131347361262507079e+01 2.131347405577973575e+01 2.131347422306039263e+01 2.131347350090547366e+01 2.131348335876963418e+01
6.371812709030100308e+01 2.112808296908422179e+01 2.112811445890413964e+01 2.112811441853772720e+01 2.112811441853773786e+01 2.112811441853772720e+01 2.112811445890412188e+01 2.112811500130611009e+01 2.112811545610806618e+01 2.112811562899254270e+01 2.112811489100641182e+01 2.112812476612295853e+01
6.421976588628763238e+01 2.094389144408320647e+01 2.094391844848297879e+01 2.094391840057330612e+01 2.094391840057329190e+01 2.094391840057332033e+01 2.094391844848296103e+01 2.094391899164751081e+01 2.094391945836293090e+01 2.094391963704226711e+01 2.094391888284576808e+01 2.094392877533293884e+01
6.472140468227425458e+01 2.076084898282508107e+01 2.076087268901913063e+01 2.076087263346827783e+01 2.076087263346827783e+01 2.076087263346826717e+01 2.076087268901909155e+01 2.076087323287276121e+01 2.076087371177335328e+01 2.076087389644581549e+01 2.076087312564943588e+01 2.076088303567989257e+01
6.522304347826087678e+01 2.057894388004745778e+01 2.057896506017955929e+01 2.057896499688810721e+01 2.057896499688810366e+01 2.057896499688806458e+01 2.057896506017958416e+01 2.057896560464560309e+01 2.057896609600846460e+01 2.057896628687964480e+01 2.057896549908353734e+01 2.057897542684266412e+01
6.572468227424749898e+01 2.039816448143777450e+01 2.039818366588887599e+01 2.039818359475594889e+01 2.039818359475595244e+01 2.039818359475596665e+01 2.039818366588886889e+01 2.039818421088732237e+01 2.039818471499522801e+01 2.039818491227832098e+01 2.039818410707189855e+01 2.039819405273193098e+01
6.622632107023412118e+01 2.021849925956247418e+01 2.021851682835727004e+01 2.021851674928005238e+01 2.021851674928006304e+01 2.021851674928006659e+01 2.021851682835724162e+01 2.021851737380459824e+01 2.021851789094588980e+01 2.021851809486185658e+01 2.021851727182355063e+01 2.021852723553710973e+01
6.672795986622074338e+01 2.003993684755125315e+01 2.003995308229466232e+01 2.003995299516893525e+01 2.003995299516894235e+01 2.003995299516894235e+01 2.003995308229463390e+01 2.003995362810412928e+01 2.003995415857264817e+01 2.003995436935076313e+01 2.003995352804767194e+01 2.003996350998088261e+01
6.722959866220736558e+01 1.986246605427491474e+01 1.986248116944684483e+01 1.986248107416693642e+01 1.986248107416693287e+01 1.986248107416687603e+01 1.986248116944684483e+01 1.986248171552826491e+01 1.986248225962325975e+01 1.986248247750167550e+01 1.986248161748909524e+01 1.986249161779552352e+01
6.773123745819398778e+01 1.968607587048282426e+01 1.968609003321125783e+01 1.968608992966941429e+01 1.968608992966942139e+01 1.968608992966946047e+01 1.968609003321123652e+01 1.968609057947047347e+01 1.968609113749675643e+01 1.968609136272268145e+01 1.968609048354381841e+01 1.968610050238301667e+01
6.823287625418060998e+01 1.951075547051911130e+01 1.951076881357059634e+01 1.951076870165771027e+01 1.951076870165770671e+01 1.951076870165771382e+01 1.951076881357061410e+01 1.951076935990974803e+01 1.951076993217881039e+01 1.951077016500805783e+01 1.951076926619378682e+01 1.951077930367672408e+01
6.873451505016723218e+01 1.933649421126970580e+01 1.933650684187323421e+01 1.933650672147846805e+01 1.933650672147845739e+01 1.933650672147842187e+01 1.933650684187325197e+01 1.933650738819115844e+01 1.933650797501944751e+01 1.933650821571822576e+01 1.933650729678640801e+01 1.933651735315481446e+01
6.923615384615385437e+01 1.916328163057336553e+01 1.916329363658035234e+01 1.916329350759094297e+01 1.916329350759096783e+01 1.916329350759092875e+01 1.916329363658033813e+01 1.916329418277157615e+01 1.916329478448158596e+01 1.916329503332580586e+01 1.916329409378134585e+01 1.916330416916798285e+01
6.973779264214047657e+01 1.899110744393078321e+01 1.899111889822648180e+01 1.899111876052820591e+01 1.899111876052821302e+01 1.899111876052826631e+01 1.899111889822648536e+01 1.899111944418175213e+01 1.899112006110218331e+01 1.899112031837836057e+01 1.899111935771224680e+01 1.899112945223588511e+01
7.023943143812709877e+01 1.881996154137062049e+01 1.881997250509386532e+01 1.881997235857072681e+01 1.881997235857073747e+01 1.881997235857072681e+01 1.881997250509386177e+01 1.881997305070009929e+01 1.881997368316500285e+01 1.881997394917089395e+01 1.881997296686003196e+01 1.881998308063705494e+01
7.074107023411372097e+01 1.864983398388508817e+01 1.864984450882988298e+01 1.864984435336423374e+01 1.864984435336422663e+01 1.864984435336416979e+01 1.864984450882987588e+01 1.864984505396960657e+01 1.864984570231941774e+01 1.864984597736381389e+01 1.864984497287080956e+01 1.864985510611710495e+01
7.124270903010034317e+01 1.848071500023884539e+01 1.848072513067164735e+01 1.848072496614371474e+01 1.848072496614372540e+01 1.848072496614373250e+01 1.848072513067166156e+01 1.848072567522331511e+01 1.848072633980428137e+01 1.848072662420808498e+01 1.848072559698032080e+01 1.848073574982078782e+01
7.174434782608696537e+01 1.831259498301757915e+01 1.831260475707174251e+01 1.831260458336033636e+01 1.831260458336033281e+01 1.831260458336037900e+01 1.831260475707173541e+01 1.831260530090971983e+01 1.831260598207427392e+01 1.831260627617041692e+01 1.831260522564006621e+01 1.831261539822478213e+01
7.224598662207358757e+01 1.814546448528151856e+01 1.814547393604502901e+01 1.814547375302704069e+01 1.814547375302705845e+01 1.814547375302704424e+01 1.814547393604502190e+01 1.814547447903910893e+01 1.814547517714527203e+01 1.814547548128036780e+01 1.814547440686315483e+01 1.814548459931373259e+01
7.274762541806020977e+01 1.797931421696495491e+01 1.797932337333579156e+01 1.797932318088611581e+01 1.797932318088610515e+01 1.797932318088611581e+01 1.797932337333580577e+01 1.797932391535153940e+01 1.797932463076376663e+01 1.797932494529692349e+01 1.797932384639272385e+01 1.797933405885044067e+01
7.324926421404683197e+01 1.781413504151844407e+01 1.781414392888692433e+01 1.781414372687883940e+01 1.781414372687884295e+01 1.781414372687880388e+01 1.781414392888689591e+01 1.781414446978513055e+01 1.781414520287427194e+01 1.781414552817888008e+01 1.781414440417010780e+01 1.781415463677678090e+01
7.375090301003345417e+01 1.764991797252891814e+01 1.764992661332659196e+01 1.764992640163127646e+01 1.764992640163125515e+01 1.764992640163128357e+01 1.764992661332655999e+01 1.764992715296314785e+01 1.764992790410554591e+01 1.764992824056977128e+01 1.764992709082148536e+01 1.764993734371664758e+01
7.425254180602007636e+01 1.748665417046258597e+01 1.748666258460819734e+01 1.748666236309530930e+01 1.748666236309529154e+01 1.748666236309527022e+01 1.748666258460818312e+01 1.748666312283505420e+01 1.748666389241313013e+01 1.748666424044039402e+01 1.748666306429935702e+01 1.748667333760687015e+01
7.475418060200669856e+01 1.732433493943856817e+01 1.732434314470230063e+01 1.732434291323926345e+01 1.732434291323928832e+01 1.732434291323924569e+01 1.732434314470228642e+01 1.732434368136633296e+01 1.732434446976869680e+01 1.732434482977787127e+01 1.732434362657237514e+01 1.732435392040331124e+01
7.525581939799332076e+01 1.716295172402886848e+01 1.716295973633375027e+01 1.716295949478607241e+01 1.716295949478608307e+01 1.716295949478612926e+01 1.716295973633372896e+01 1.716296027127661006e+01 1.716296107889805356e+01 1.716296145132480788e+01 1.716296022036347679e+01 1.716297053490625046e+01
7.575745819397994296e+01 1.700249610644344500e+01 1.700250394011454347e+01 1.700250368834612402e+01 1.700250368834612402e+01 1.700250368834614534e+01 1.700250394011455057e+01 1.700250447317364433e+01 1.700250530041394015e+01 1.700250568571144072e+01 1.700250442628321323e+01 1.700251476166792486e+01
7.625909698996656516e+01 1.684295980339038579e+01 1.684296747136532701e+01 1.684296720923764568e+01 1.684296720923767410e+01 1.684296720923763857e+01 1.684296747136532701e+01 1.684296800237212111e+01 1.684296884963812246e+01 1.684296924827710029e+01 1.684296795964997884e+01 1.684297831599194240e+01
7.676073578595318736e+01 1.668433466323461900e+01 1.668434217723833868e+01 1.668434190461125866e+01 1.668434190461125510e+01 1.668434190461119115e+01 1.668434217723837065e+01 1.668434270601970937e+01 1.668434357372381527e+01 1.668434398619368153e+01 1.668434266761456186e+01 1.668435304500976457e+01
7.726237458193980956e+01 1.652661266308475874e+01 1.652662003378012301e+01 1.652661975051108101e+01 1.652661975051106324e+01 1.652661975051104193e+01 1.652662003378014433e+01 1.652662056015739367e+01 1.652662144871744943e+01 1.652662187552771655e+01 1.652662052622108035e+01 1.652663092483870244e+01
7.776401337792643176e+01 1.636978590624692131e+01 1.636979314336064917e+01 1.636979284930540501e+01 1.636979284930541922e+01 1.636979284930538370e+01 1.636979314336062430e+01 1.636979366715040385e+01 1.636979457699001372e+01 1.636979501867020659e+01 1.636979363783802199e+01 1.636980405782237113e+01
7.826565217391305396e+01 1.621384661944233940e+01 1.621385373187243317e+01 1.621385342688472520e+01 1.621385342688468612e+01 1.621385342688473585e+01 1.621385373187245094e+01 1.621385425288509552e+01 1.621385518443434393e+01 1.621385564153495906e+01 1.621385422835555090e+01 1.621386466980734653e+01
7.876729096989967616e+01 1.605878715006680579e+01 1.605879414597782429e+01 1.605879382990880089e+01 1.605879382990881155e+01 1.605879382990879023e+01 1.605879414597782429e+01 1.605879466401840361e+01 1.605879561771184783e+01 1.605879609080637138e+01 1.605879464443343707e+01 1.605880510748804468e+01
7.926892976588629836e+01 1.590459996381236962e+01 1.590460685071562530e+01 1.590460652341485748e+01 1.590460652341483616e+01 1.590460652341486458e+01 1.590460685071562530e+01 1.590460736558362953e+01 1.590460834186229100e+01 1.590460883154673333e+01 1.590460735110876733e+01 1.590461783589997857e+01
7.977056856187292055e+01 1.575127764209551984e+01 1.575128442691758579e+01 1.575128408823234061e+01 1.575128408823234061e+01 1.575128408823238502e+01 1.575128442691757691e+01 1.575128493840713872e+01 1.575128593771632879e+01 1.575128644461149285e+01 1.575128492921088963e+01 1.575129543585580194e+01
8.027220735785954275e+01 1.559881287955869311e+01 1.559881956870343700e+01 1.559881921847876640e+01 1.559881921847879838e+01 1.559881921847874153e+01 1.559881956870345299e+01 1.559882007660239012e+01 1.559882109939353967e+01 1.559882162414487361e+01 1.559882007285699146e+01 1.559883060148763789e+01
8.077384615384616495e+01 1.544719848175768107e+01 1.544720508115914548e+01 1.544720471923782767e+01 1.544720471923782767e+01 1.544720471923781702e+01 1.544720508115913660e+01 1.544720558524940479e+01 1.544720663197857391e+01 1.544720717525829379e+01 1.544720558713044234e+01 1.544721613788735226e+01
8.127548494983278715e+01 1.529642736285510374e+01 1.529643387802350318e+01 1.529643350424616699e+01 1.529643350424616166e+01 1.529643350424615456e+01 1.529643387802351917e+01 1.529643437808170248e+01 1.529643544920921450e+01 1.529643601171700062e+01 1.529643438576779069e+01 1.529644495873393950e+01
8.177712374581940935e+01 1.514649254306583437e+01 1.514649897912906695e+01 1.514649859333431081e+01 1.514649859333432147e+01 1.514649859333425397e+01 1.514649897912905807e+01 1.514649947492463689e+01 1.514650057091662561e+01 1.514650115338126213e+01 1.514649948859848116e+01 1.514651008396844034e+01
8.227876254180603155e+01 1.499738714694996311e+01 1.499739350868967946e+01 1.499739311071368597e+01 1.499739311071368597e+01 1.499739311071367531e+01 1.499739350868971144e+01 1.499739399998686018e+01 1.499739512131318442e+01 1.499739572449304248e+01 1.499739401983412890e+01 1.499740463766035781e+01
8.278040133779265375e+01 1.484910440054509273e+01 1.484911069242834358e+01 1.484911028210483508e+01 1.484911028210482620e+01 1.484911028210481554e+01 1.484911069242835779e+01 1.484911117898472277e+01 1.484911232611935539e+01 1.484911295080445193e+01 1.484911120519447003e+01 1.484912184565701310e+01
8.328204013377927595e+01 1.470163762981499467e+01 1.470164385602356205e+01 1.470164343318401556e+01 1.470164343318400668e+01 1.470164343318404576e+01 1.470164385602354784e+01 1.470164433758985112e+01 1.470164551101169081e+01 1.470164615802472241e+01 1.470164437035499994e+01 1.470165503358418668e+01
8.378367892976589815e+01 1.455498025835552056e+01 1.455498642281023969e+01 1.455498598728408766e+01 1.455498598728409121e+01 1.455498598728402371e+01 1.455498642281026100e+01 1.455498689913119570e+01 1.455498809932200288e+01 1.455498876952053777e+01 1.455498693864771376e+01 1.455499762469070468e+01
8.428531772575252035e+01 1.440912580495287720e+01 1.440913191133671489e+01 1.440913146295039482e+01 1.440913146295040725e+01 1.440913146295036817e+01 1.440913191133671489e+01 1.440913238215031100e+01 1.440913360959550893e+01 1.440913430387227656e+01 1.440913242861762811e+01 1.440914313772141320e+01
8.478695652173914254e+01 1.426406788246183410e+01 1.426407393423990300e+01 1.426407347281844373e+01 1.426407347281846327e+01 1.426407347281841176e+01 1.426407393423995984e+01 1.426407439927814380e+01 1.426407565446661785e+01 1.426407637375219473e+01 1.426407445289915010e+01 1.426408518510501366e+01
8.528859531772576474e+01 1.411980019488967741e+01 1.411980619532791792e+01 1.411980572069272633e+01 1.411980572069271211e+01 1.411980572069269435e+01 1.411980619532794812e+01 1.411980665431480197e+01 1.411980793773790310e+01 1.411980868300187453e+01 1.411980671529570408e+01 1.411981747078610638e+01
8.579023411371238694e+01 1.397631653620119074e+01 1.397632248838194791e+01 1.397632200035257277e+01 1.397632200035259942e+01 1.397632200035261896e+01 1.397632248838196034e+01 1.397632294103557626e+01 1.397632425318700200e+01 1.397632502544015232e+01 1.397632300958580132e+01 1.397633378846083652e+01
8.629187290969900914e+01 1.383361078803327437e+01 1.383361669487035783e+01 1.383361619326372960e+01 1.383361619326374203e+01 1.383361619326372605e+01 1.383361669487037027e+01 1.383361714090163908e+01 1.383361848227685265e+01 1.383361928257293449e+01 1.383361721723385607e+01 1.383362801963734512e+01
8.679351170568563134e+01 1.369167691811843213e+01 1.369168278237071235e+01 1.369168226700136692e+01 1.369168226700135982e+01 1.369168226700134383e+01 1.369168278237073899e+01 1.369168322148327555e+01 1.369168459258067294e+01 1.369168542201767558e+01 1.369168330581392823e+01 1.369169413183555051e+01
8.729515050167225354e+01 1.355050897823394251e+01 1.355051480251665375e+01 1.355051427319634882e+01 1.355051427319636304e+01 1.355051427319634527e+01 1.355051480251666440e+01 1.355051523440684136e+01 1.355051663572482035e+01 1.355051749544833761e+01 1.355051532695521388e+01 1.355052617681002047e+01
8.779678929765887574e+01 1.341010110295147228e+01 1.341010688974790988e+01 1.341010634628628750e+01 1.341010634628627685e+01 1.341010634628628395e+01 1.341010688974789034e+01 1.341010731410610468e+01 1.341010874614384818e+01 1.341010963734807859e+01 1.341010741509448145e+01 1.341011828882997925e+01
8.829842809364549794e+01 1.327044750724591715e+01 1.327045325891661598e+01 1.327045270111994135e+01 1.327045270111992536e+01 1.327045270111992536e+01 1.327045325891659822e+01 1.327045367542443621e+01 1.327045513868168314e+01 1.327045606261210331e+01 1.327045378507856022e+01 1.327046468291243286e+01
8.880006688963212014e+01 1.313154248567421511e+01 1.313154820446709437e+01 1.313154763213942289e+01 1.313154763213941578e+01 1.313154763213939802e+01 1.313154820446709792e+01 1.313154861279956442e+01 1.313155010777563447e+01 1.313155106573183062e+01 1.313154873134812917e+01 1.313155965332797948e+01
8.930170568561874234e+01 1.299338040988784471e+01 1.299338609794468269e+01 1.299338551088735905e+01 1.299338551088734839e+01 1.299338551088733773e+01 1.299338609794466493e+01 1.299338649776911403e+01 1.299338802496193068e+01 1.299338901829971782e+01 1.299338662544373690e+01 1.299339757181507871e+01
8.980334448160536454e+01 1.285595572798079900e+01 1.285596138734649507e+01 1.285596078535812126e+01 1.285596078535813724e+01 1.285596078535815856e+01 1.285596138734648974e+01 1.285596177832282727e+01 1.285596333822953419e+01 1.285596436836303269e+01 1.285596191535826982e+01 1.285597288615959677e+01
9.030498327759198673e+01 1.271926296217626096e+01 1.271926859480454830e+01 1.271926797768082196e+01 1.271926797768081663e+01 1.271926797768081308e+01 1.271926859480453942e+01 1.271926897658437738e+01 1.271927056969944303e+01 1.271927163810518913e+01 1.271926912321825220e+01 1.271928011862159025e+01
9.080662207357860893e+01 1.258329670773917108e+01 1.258330231550013067e+01 1.258330168303404228e+01 1.258330168303402985e+01 1.258330168303403518e+01 1.258330231550012179e+01 1.258330268772818350e+01 1.258330431454329990e+01 1.258330542276185327e+01 1.258330284420073930e+01 1.258331386441488320e+01
9.130826086956523113e+01 1.244805163166691919e+01 1.244805721635136742e+01 1.244805656833307950e+01 1.244805656833309726e+01 1.244805656833308127e+01 1.244805721635137452e+01 1.244805757866441276e+01 1.244805923966727335e+01 1.244806038930716241e+01 1.244805774521853614e+01 1.244806879034544700e+01
9.180989966555185333e+01 1.231352247097710162e+01 1.231352803430252152e+01 1.231352737051911994e+01 1.231352737051910928e+01 1.231352737051912172e+01 1.231352803430254284e+01 1.231352838632893842e+01 1.231353008200280286e+01 1.231353127474333675e+01 1.231352856321019473e+01 1.231353963338493429e+01
9.231153846153847553e+01 1.217970403148605740e+01 1.217970957510195973e+01 1.217970889533741108e+01 1.217970889533740753e+01 1.217970889533740575e+01 1.217970957510194552e+01 1.217970991646226153e+01 1.217971164728564126e+01 1.217971288487976445e+01 1.217971010391879538e+01 1.217972119929312314e+01
9.281317725752509773e+01 1.204659118650625338e+01 1.204659671199795135e+01 1.204659601603363583e+01 1.204659601603365715e+01 1.204659601603361985e+01 1.204659671199794424e+01 1.204659704230476613e+01 1.204659880874935851e+01 1.204660009302847001e+01 1.204659724058697812e+01 1.204660836130849333e+01
9.331481605351171993e+01 1.191417887554145061e+01 1.191418438443350070e+01 1.191418367204883388e+01 1.191418367204884809e+01 1.191418367204879658e+01 1.191418438443349181e+01 1.191418470329251100e+01 1.191418650582318506e+01 1.191418783869977460e+01 1.191418491265308965e+01 1.191419605887094946e+01
9.381645484949834213e+01 1.178246210299749919e+01 1.178246759675986688e+01 1.178246686773005614e+01 1.178246686773005081e+01 1.178246686773005081e+01 1.178246759675986866e+01 1.178246790376708297e+01 1.178246974284116533e+01 1.178247112631312987e+01 1.178246812446114689e+01 1.178247929638172131e+01
9.431809364548496433e+01 1.165143593712995873e+01 1.165144141718032778e+01 1.165144067127767080e+01 1.165144067127766014e+01 1.165144067127766014e+01 1.165144141718033843e+01 1.165144171192426370e+01 1.165144358798948687e+01 1.165144502414437078e+01 1.165144194420856039e+01 1.165145314195606119e+01
9.481973244147158653e+01 1.152109550862937404e+01 1.152110097634880859e+01 1.152110021333014522e+01 1.152110021333014700e+01 1.152110021333010970e+01 1.152110097634880859e+01 1.152110125839663546e+01 1.152110317189059252e+01 1.152110466291027535e+01 1.152110150253000498e+01 1.152111272629765182e+01
9.532137123745820873e+01 1.139143600969197934e+01 1.139144146638056121e+01 1.139144068603459203e+01 1.139144068603456361e+01 1.139144068603460624e+01 1.139144146638057542e+01 1.139144173532691440e+01 1.139144368667541407e+01 1.139144523483967752e+01 1.139144199156957349e+01 1.139145324152781313e+01
9.582301003344483092e+01 1.126245269279464978e+01 1.126245813974241194e+01 1.126245734182146840e+01 1.126245734182146307e+01 1.126245734182144531e+01 1.126245813974241372e+01 1.126245839513941860e+01 1.126246038475676059e+01 1.126246199244874724e+01 1.126245866375364812e+01 1.126246994008073088e+01
9.632464882943143891e+01 1.113414086967924632e+01 1.113414630812549078e+01 1.113414549238878770e+01 1.113414549238878237e+01 1.113414549238878593e+01 1.113414630812548900e+01 1.113414654952733507e+01 1.113414857781327250e+01 1.113415024752412386e+01 1.113414683077649769e+01 1.113415813362359508e+01
9.682628762541806111e+01 1.100649591020311036e+01 1.100650134134914460e+01 1.100650050755297471e+01 1.100650050755296583e+01 1.100650050755294274e+01 1.100650134134915703e+01 1.100650156830193183e+01 1.100650363564075995e+01 1.100650536997592610e+01 1.100650186245042406e+01 1.100651319199624290e+01
9.732792642140468331e+01 1.087951324140442644e+01 1.087951866641594201e+01 1.087951781431329934e+01 1.087951781431329934e+01 1.087951781431331355e+01 1.087951866641596155e+01 1.087951887845664167e+01 1.087952098521684974e+01 1.087952278690088903e+01 1.087951918577030064e+01 1.087953054220623272e+01
9.782956521739130551e+01 1.075318834642047783e+01 1.075319376643109237e+01 1.075319289577098658e+01 1.075319289577097592e+01 1.075319289577099191e+01 1.075319376643109770e+01 1.075319396308801956e+01 1.075319610962008099e+01 1.075319798150311890e+01 1.075319428383325970e+01 1.075320566738853678e+01
9.833120401337792771e+01 1.062751676375300747e+01 1.062752217986228409e+01 1.062752129039199112e+01 1.062752129039197868e+01 1.062752129039196802e+01 1.062752217986227699e+01 1.062752236065637490e+01 1.062752454729104556e+01 1.062752649235403091e+01 1.062752269510028746e+01 1.062753410592818604e+01
9.883284280936454991e+01 1.050249408603347767e+01 1.050249949931292015e+01 1.050249859077472614e+01 1.050249859077472614e+01 1.050249859077474746e+01 1.050249949931291482e+01 1.050249966375459643e+01 1.050250189080181684e+01 1.050250391216396828e+01 1.050250001216487306e+01 1.050251145045688617e+01
9.933448160535117211e+01 1.037811595914411988e+01 1.037812137063737516e+01 1.037812044277057488e+01 1.037812044277056422e+01 1.037812044277055001e+01 1.037812137063737872e+01 1.037812151822931739e+01 1.037812378597609886e+01 1.037812588690126248e+01 1.037812188087352183e+01 1.037813334689981026e+01
9.983612040133779431e+01 1.025437808164308962e+01 1.025438349236786095e+01 1.025438254490795309e+01 1.025438254490794421e+01 1.025438254490793888e+01 1.025438349236785918e+01 1.025438362260329050e+01 1.025438593131201515e+01 1.025438811521743787e+01 1.025438399974908066e+01 1.025439549364817360e+01
1.003377591973244165e+02 1.013127620340142521e+01 1.013128161435045271e+01 1.013128064702968700e+01 1.013128064702967279e+01 1.013128064702966391e+01 1.013128161435044028e+01 1.013128172671363103e+01 1.013128407662105168e+01 1.013128634708327525e+01 1.013128211862866657e+01 1.013129364066894844e+01
1.008393979933110387e+02 1.000880612517775248e+01 1.000881153732070494e+01 1.000881054986764873e+01 1.000881054986764873e+01 1.000881054986766650e+01 1.000881153732070317e+01 1.000881163128753393e+01 1.000881402260209896e+01 1.000881638336572088e+01 1.000881203823873733e+01 1.000882358859496257e+01
1.013410367892976609e+02 9.886963697431538023e+00 9.886969111716695124e+00 9.886968103856053958e+00 9.886968103856052181e+00 9.886968103856043300e+00 9.886969111716688019e+00 9.886969186753862715e+00 9.886971619653218468e+00 9.886974074640791699e+00 9.886969609007126181e+00 9.886981187967455398e+00
1.018426755852842831e+02 9.765744819869714988e+00 9.765750237224105845e+00 9.765749208677069859e+00 9.765749208677069859e+00 9.765749208677068083e+00 9.765750237224079200e+00 9.765750292789064702e+00 9.765752767419662916e+00 9.765755320738545464e+00 9.765750730609690677e+00 9.765762338354798899e+00
1.023443143812709053e+02 9.645145440237566703e+00 9.645150861570257916e+00 9.645149812053839256e+00 9.645149812053832150e+00 9.645149812053885441e+00 9.645150861570279233e+00 9.645150897111653521e+00 9.645153413585257240e+00 9.645156069539313037e+00 9.645151350763244480e+00 9.645162987585534253e+00
1.028459531772575275e+02 9.525161553908803924e+00 9.525166980109895931e+00 9.525165909337523829e+00 9.525165909337518499e+00 9.525165909337525605e+00 9.525166980109895931e+00 9.525166995067191777e+00 9.525169553459759797e+00 9.525172316557828367e+00 9.525167464812000162e+00 9.525179130934686711e+00
1.033475919732441497e+02 9.405789202906035484e+00 9.405794634848067659e+00 9.405793542529433893e+00 9.405793542529433893e+00 9.405793542529437445e+00 9.405794634848067659e+00 9.405794628651856115e+00 9.405797228999738024e+00 9.405800103967761672e+00 9.405795114749940566e+00 9.405806810414606645e+00
1.038492307692307719e+02 9.287024475156989922e+00 9.287029913697688599e+00 9.287028799538317614e+00 9.287028799538326496e+00 9.287028799538314061e+00 9.287029913697697481e+00 9.287029885769191750e+00 9.287032528069568471e+00 9.287035519861333910e+00 9.287030388478923371e+00 9.287042113937909349e+00
1.043508695652173941e+02 9.168863503745878774e+00 9.168868949728020468e+00 9.168867813429230296e+00 9.168867813429219638e+00 9.168867813429203650e+00 9.168868949728011586e+00 9.168868899479125645e+00 9.168871583684518711e+00 9.168874697494880266e+00 9.168869419055962311e+00 9.168881174614726959e+00
1.048525083612040163e+02 9.051302466311453188e+00 9.051307920562940978e+00 9.051306761822374369e+00 9.051306761822381475e+00 9.051306761822347724e+00 9.051307920562928544e+00 9.051307847396953932e+00 9.051310573414806271e+00 9.051313814690258752e+00 9.051308384093657011e+00 9.051320170047359781e+00
1.053541471571906385e+02 8.934337584248931208e+00 8.934343047584849984e+00 8.934341866095879325e+00 8.934341866095875773e+00 8.934341866095863338e+00 8.934343047584828668e+00 8.934342950895912239e+00 8.934345718584976836e+00 8.934349093039362089e+00 8.934343504961885785e+00 8.934355321590539134e+00
1.058557859531772607e+02 8.817965121958966535e+00 8.817970595181980897e+00 8.817969390633717097e+00 8.817969390633715321e+00 8.817969390633729532e+00 8.817970595181980897e+00 8.817970474354520860e+00 8.817973283523000916e+00 8.817976797151155566e+00 8.817971046035964378e+00 8.817982893631768349e+00
1.063574247491638829e+02 8.702181386213894143e+00 8.702186870114717365e+00 8.702185642192242554e+00 8.702185642192221238e+00 8.702185642192237225e+00 8.702186870114704931e+00 8.702186724524295869e+00 8.702189574927347238e+00 8.702193234019704349e+00 8.702187314063639434e+00 8.702199192925606397e+00
1.068590635451505051e+02 8.586982725440558184e+00 8.586988220799451454e+00 8.586986969183433516e+00 8.586986969183445950e+00 8.586986969183472596e+00 8.586988220799442573e+00 8.586988049812569912e+00 8.586990941148714640e+00 8.586994752309243140e+00 8.586988657447895079e+00 8.587000567893745995e+00
1.073607023411371273e+02 8.472365529102367177e+00 8.472371036689256840e+00 8.472369761056155468e+00 8.472369761056160797e+00 8.472369761056155468e+00 8.472371036689262169e+00 8.472370839662991315e+00 8.472373771571902523e+00 8.472377741734472778e+00 8.472371465628027565e+00 8.472383407961835644e+00
1.078623411371237495e+02 8.358326226962473626e+00 8.358331747537956602e+00 8.358330447559596976e+00 8.358330447559580989e+00 8.358330447559609411e+00 8.358331747537951273e+00 8.358331523820654141e+00 8.358334495879681469e+00 8.358338632327038553e+00 8.358332168343903135e+00 8.358344142907546015e+00
1.083639799331103717e+02 8.244861288434229607e+00 8.244866822749813196e+00 8.244865498093762568e+00 8.244865498093760792e+00 8.244865498093808753e+00 8.244866822749811419e+00 8.244866571679818179e+00 8.244869583403053426e+00 8.244873893785205965e+00 8.244867234985305160e+00 8.244879242166769373e+00
1.088656187290969939e+02 8.131967222064549361e+00 8.131972770863615807e+00 8.131971421192927707e+00 8.131971421192936589e+00 8.131971421192897509e+00 8.131972770863626465e+00 8.131972491771316314e+00 8.131975542604207519e+00 8.131980034960818671e+00 8.131973174076737365e+00 8.131985214228254932e+00
1.093672575250836161e+02 8.019640574796646604e+00 8.019646138816087344e+00 8.019644763787978192e+00 8.019644763787946218e+00 8.019644763787962205e+00 8.019646138816053593e+00 8.019645831020845606e+00 8.019648920338715570e+00 8.019653603121392749e+00 8.019646532538342143e+00 8.019658606022751712e+00
1.098688963210702383e+02 7.907877931366245505e+00 7.907883511333355209e+00 7.907882110602997727e+00 7.907882110603007497e+00 7.907882110603005721e+00 7.907883511333331228e+00 7.907883174148291339e+00 7.907886301252638361e+00 7.907891183348795927e+00 7.907883895083487324e+00 7.907896002262639001e+00
1.103705351170568605e+02 7.796675913701143656e+00 7.796681510338530963e+00 7.796680083554736740e+00 7.796680083554698548e+00 7.796680083554706542e+00 7.796681510338526522e+00 7.796681143065710806e+00 7.796684307182705886e+00 7.796689397941094946e+00 7.796681883617978315e+00 7.796694024828443759e+00
1.108721739130434827e+02 7.686031180153111819e+00 7.686036794176463793e+00 7.686035340983553787e+00 7.686035340983557340e+00 7.686035340983569775e+00 7.686036794176453135e+00 7.686036396109375168e+00 7.686039596384958372e+00 7.686044905642423153e+00 7.686037156470769460e+00 7.686049332169886839e+00
1.113738127090301049e+02 7.575940425176544757e+00 7.575946057296188307e+00 7.575944577333697083e+00 7.575944577333711294e+00 7.575944577333670438e+00 7.575946057296173208e+00 7.575945627719235631e+00 7.575948863216650508e+00 7.575954401329475729e+00 7.575946408074350380e+00 7.575958618683475976e+00
1.118754515050167271e+02 7.466400378608370580e+00 7.466406029529767174e+00 7.466404522432164903e+00 7.466404522432153357e+00 7.466404522432134705e+00 7.466406029529762733e+00 7.466405567717924185e+00 7.466408837416094180e+00 7.466414615290320356e+00 7.466406368244085989e+00 7.466418614205169391e+00
1.123770903010033493e+02 7.357407805135728118e+00 7.357413475559788196e+00 7.357411940956570362e+00 7.357411940956598784e+00 7.357411940956571250e+00 7.357413475559786420e+00 7.357412980778931910e+00 7.357416283569062188e+00 7.357422312695004685e+00 7.357413801645544815e+00 7.357426083365765201e+00
1.128787290969899715e+02 7.248959503658037207e+00 7.248965194281740132e+00 7.248963631797321838e+00 7.248963631797295193e+00 7.248963631797297857e+00 7.248965194281717928e+00 7.248964665789822348e+00 7.248968000470422446e+00 7.248974292960558508e+00 7.248965507157078214e+00 7.248977825040428868e+00
1.133803678929765937e+02 7.141052306661524796e+00 7.141058018177705691e+00 7.141056427431472287e+00 7.141056427431451858e+00 7.141056427431448306e+00 7.141058018177703914e+00 7.141057455222887818e+00 7.141060820499489203e+00 7.141067389126947162e+00 7.141058317242902298e+00 7.141070671782695278e+00
1.138820066889632159e+02 7.033683079862858456e+00 7.033688812960826375e+00 7.033687193566961149e+00 7.033687193566962037e+00 7.033687193566951379e+00 7.033688812960828152e+00 7.033688214782596759e+00 7.033691609263317268e+00 7.033698467504979845e+00 7.033689097598119666e+00 7.033701489286344533e+00
1.143836454849498381e+02 6.926848721540462606e+00 6.926854476906461500e+00 6.926852828474026502e+00 6.926852828474019397e+00 6.926852828474026502e+00 6.926854476906461500e+00 6.926853842735112288e+00 6.926857264929670244e+00 6.926864427012945136e+00 6.926854746480060498e+00 6.926867175824906298e+00
1.148852842809364603e+02 6.820546162077814500e+00 6.820551940395695567e+00 6.820550262528289664e+00 6.820550262528329633e+00 6.820550262528293217e+00 6.820551940395697343e+00 6.820551269453415166e+00 6.820554717768561481e+00 6.820562198722281977e+00 6.820552194251451539e+00 6.820564661759880742e+00
1.153869230769230825e+02 6.714772363416052769e+00 6.714778165367323304e+00 6.714776457663187870e+00 6.714776457663194975e+00 6.714776457663234943e+00 6.714778165367330409e+00 6.714777456866645622e+00 6.714780929605751680e+00 6.714788745314884899e+00 6.714778402832203064e+00 6.714790908985029283e+00
1.158885618729097047e+02 6.609524318450720415e+00 6.609530144715172639e+00 6.609528406767041453e+00 6.609528406767024578e+00 6.609528406767043229e+00 6.609530144715167310e+00 6.609529397860182343e+00 6.609532893219700611e+00 6.609541060485694786e+00 6.609530365097316285e+00 6.609542910441970953e+00
1.163902006688963269e+02 6.504799050668480298e+00 6.504804901924210014e+00 6.504803133319239095e+00 6.504803133319222219e+00 6.504803133319265740e+00 6.504804901924214455e+00 6.504804115910629569e+00 6.504807631977367777e+00 6.504816168583498204e+00 6.504805104512705327e+00 6.504817689598858088e+00
1.168918394648829491e+02 6.400593613584397268e+00 6.400599490508471767e+00 6.400597690828207398e+00 6.400597690828204733e+00 6.400597690828219832e+00 6.400599490508480649e+00 6.400598664522785697e+00 6.400602199274027626e+00 6.400611124056579726e+00 6.400599674573136610e+00 6.400612299956557116e+00
1.173934782608695713e+02 6.296905090297860497e+00 6.296910993566094739e+00 6.296909162386362446e+00 6.296909162386355341e+00 6.296909162386370440e+00 6.296910993566076975e+00 6.296910126786785966e+00 6.296913678086449195e+00 6.296923011012914628e+00 6.296911158357499261e+00 6.296923824595840102e+00
1.178951170568561935e+02 6.193730593019275865e+00 6.193736523306292874e+00 6.193734660197392827e+00 6.193734660197401709e+00 6.193734660197397268e+00 6.193736523306291097e+00 6.193735614903062014e+00 6.193739180500792862e+00 6.193748942756077902e+00 6.193736668055349170e+00 6.193749375677723989e+00
1.183967558528428157e+02 6.091067262379572966e+00 6.091073220361325369e+00 6.091071324887205485e+00 6.091071324887201932e+00 6.091071324887178839e+00 6.091073220361328922e+00 6.091072269494847369e+00 6.091075847026131918e+00 6.091086061111185224e+00 6.091073344279309687e+00 6.091086093992399420e+00
1.188983946488294379e+02 5.988912267429888914e+00 5.988918253781543299e+00 5.988916325500261095e+00 5.988916325500244220e+00 5.988916325500289517e+00 5.988918253781544188e+00 5.988917259604463972e+00 5.988920846588034586e+00 5.988931536420412982e+00 5.988918356060255022e+00 5.988931148460935994e+00
1.194000334448160601e+02 5.887262804978552033e+00 5.887268820373730449e+00 5.887266858838009043e+00 5.887266858838040129e+00 5.887266858838051675e+00 5.887268820373723344e+00 5.887267782029786289e+00 5.887271375867015877e+00 5.887282566895640556e+00 5.887268900185000930e+00 5.887281735823710171e+00
1.199016722408026823e+02 5.786116098890213166e+00 5.786122144005779511e+00 5.786120148761429327e+00 5.786120148761430215e+00 5.786120148761418669e+00 5.786122144005778622e+00 5.786121060631377766e+00 5.786124658606733639e+00 5.786136377949355314e+00 5.786122200502404667e+00 5.786135080091165506e+00
1.204033110367893045e+02 5.685469400063809076e+00 5.685475475577273841e+00 5.685473446163771705e+00 5.685473446163778810e+00 5.685473446163781475e+00 5.685475475577281834e+00 5.685474346299304038e+00 5.685477945580411863e+00 5.685490222162930429e+00 5.685475507891957214e+00 5.685488432110189727e+00
1.209049498327759267e+02 5.585319986014744664e+00 5.585326092601258452e+00 5.585324028552996367e+00 5.585324028552987485e+00 5.585324028552987485e+00 5.585326092601256676e+00 5.585324916539573969e+00 5.585328514175282422e+00 5.585341378884319141e+00 5.585326099847551795e+00 5.585339069237872600e+00
1.214065886287625489e+02 5.485665159900523946e+00 5.485671298240937688e+00 5.485669199084479253e+00 5.485669199084459713e+00 5.485669199084447278e+00 5.485671298240943017e+00 5.485670074505513583e+00 5.485673667431424150e+00 5.485687153311641140e+00 5.485671279512764009e+00 5.485684294935256666e+00
1.219082274247491711e+02 5.386502251044785083e+00 5.386508421818868797e+00 5.386506287075123467e+00 5.386506287075139454e+00 5.386506287075124355e+00 5.386508421818874126e+00 5.386507149512556047e+00 5.386510734547406365e+00 5.386524876988568522e+00 5.386508376191185832e+00 5.386521438210139401e+00
1.224098662207357933e+02 5.287828613741831774e+00 5.287834817631348550e+00 5.287832646814687898e+00 5.287832646814705662e+00 5.287832646814699444e+00 5.287834817631355655e+00 5.287833495848703436e+00 5.287837069697485681e+00 5.287851906669019719e+00 5.287834744160069711e+00 5.287847853514412222e+00
1.229115050167224155e+02 5.189641627221427633e+00 5.189647864912293684e+00 5.189645657529645462e+00 5.189645657529629474e+00 5.189645657529649903e+00 5.189647864912291908e+00 5.189646492739647066e+00 5.189650051997396929e+00 5.189665624310472403e+00 5.189647762634788997e+00 5.189660920112687315e+00
1.234131438127090377e+02 5.091938695521840863e+00 5.091944967698323943e+00 5.091942723251252190e+00 5.091942723251264624e+00 5.091942723251274394e+00 5.091944967698330160e+00 5.091943544214155182e+00 5.091947085365600145e+00 5.091963436950504907e+00 5.091944835633538169e+00 5.091958041826626591e+00
1.239147826086956599e+02 4.994717246434173141e+00 4.994723553787486559e+00 4.994721271769186899e+00 4.994721271769171800e+00 4.994721271769171800e+00 4.994723553787487447e+00 4.994722078061717419e+00 4.994725597487467361e+00 4.994742775749170249e+00 4.994723390936369967e+00 4.994736646736140706e+00
1.244164214046822821e+02 4.897974731991486586e+00 4.897981075212607394e+00 4.897978755110316662e+00 4.897978755110322879e+00 4.897978755110329985e+00 4.897981075212610058e+00 4.897979546307812626e+00 4.897983040285311951e+00 4.898001096464192017e+00 4.897980880558735706e+00 4.897994186656764448e+00
1.249180602006689043e+02 4.801708627591882106e+00 4.801715007374731670e+00 4.801712648668757133e+00 4.801712648668769567e+00 4.801712648668767791e+00 4.801715007374727229e+00 4.801713424345496861e+00 4.801716889053274429e+00 4.801735878670936764e+00 4.801714779884418860e+00 4.801728137002630348e+00
1.254196989966555265e+02 4.705916431641721687e+00 4.705922848686005189e+00 4.705920450848428693e+00 4.705920450848448233e+00 4.705920450848447345e+00 4.705922848685999860e+00 4.705921210578584812e+00 4.705924642103598288e+00 4.705944625472767484e+00 4.705922587309105509e+00 4.705935996330026683e+00
1.259213377926421487e+02 4.610595665645100816e+00 4.610602120651702940e+00 4.610599683148309147e+00 4.610599683148331351e+00 4.610599683148310035e+00 4.610602120651697611e+00 4.610600426505035543e+00 4.610603820843549805e+00 4.610624863639142035e+00 4.610601824321913789e+00 4.610615285982708755e+00
1.264229765886287709e+02 4.515743873562926503e+00 4.515750367235916940e+00 4.515747889525275838e+00 4.515747889525247416e+00 4.515747889525264291e+00 4.515750367235916940e+00 4.515748616080653477e+00 4.515751969147123290e+00 4.515774143086694004e+00 4.515750034871640395e+00 4.515763549912845676e+00
1.269246153846153931e+02 4.421358621434974268e+00 4.421365154483947180e+00 4.421362636016488601e+00 4.421362636016490377e+00 4.421362636016477943e+00 4.421365154483947180e+00 4.421363345343028328e+00 4.421366652975027733e+00 4.421390036618004338e+00 4.421364784988734975e+00 4.421378354266049193e+00
1.274262541806020153e+02 4.327437497344813977e+00 4.327444070482786564e+00 4.327441510701659055e+00 4.327441510701627969e+00 4.327441510701682148e+00 4.327444070482791005e+00 4.327442202371671875e+00 4.327445460336167393e+00 4.327470140005202914e+00 4.327443662746238040e+00 4.327457287087108639e+00
1.279278929765886375e+02 4.233978110985663790e+00 4.233984724929845456e+00 4.233982123270584097e+00 4.233982123270561893e+00 4.233982123270545905e+00 4.233984724929848120e+00 4.233982796856032849e+00 4.233986000857732357e+00 4.234012071734550631e+00 4.233984277828271026e+00 4.233997958028697717e+00
1.284295317725752454e+02 4.140978093365450086e+00 4.140984748836924467e+00 4.140982104727387814e+00 4.140982104727394031e+00 4.140982104727394031e+00 4.140984748836925355e+00 4.140982759800577284e+00 4.140985905487942098e+00 4.141013472913365412e+00 4.140984261234191166e+00 4.140997998103841837e+00
1.289311705685618676e+02 4.048435096557753354e+00 4.048441794282840789e+00 4.048439107142920435e+00 4.048439107142934645e+00 4.048439107142939086e+00 4.048441794282839901e+00 4.048439743276104785e+00 4.048442826250343352e+00 4.048472007280179419e+00 4.048441265030963798e+00 4.048455059362821906e+00
1.294328093645484898e+02 3.956346793323683553e+00 3.956353534033575592e+00 3.956350803275160199e+00 3.956350803275143768e+00 3.956350803275126005e+00 3.956353534033579589e+00 3.956351420041389844e+00 3.956354435865704566e+00 3.956385361132753520e+00 3.956352961974156202e+00 3.956366814617980232e+00
1.299344481605351120e+02 3.864710876987084820e+00 3.864717661417947703e+00 3.864714886444655662e+00 3.864714886444660547e+00 3.864714886444688968e+00 3.864717661417944594e+00 3.864715483417282105e+00 3.864718427624278085e+00 3.864751243594764851e+00 3.864717045382319860e+00 3.864730957170630976e+00
1.304360869565217342e+02 3.773525061072910969e+00 3.773531889966152519e+00 3.773529070173593958e+00 3.773529070173581079e+00 3.773529070173600175e+00 3.773531889966151631e+00 3.773529646925860348e+00 3.773532515029048184e+00 3.773567386753103214e+00 3.773531228776806579e+00 3.773545200550560974e+00
1.309377257525083564e+02 3.682787079081459414e+00 3.682793953183871594e+00 3.682791087959272680e+00 3.682791087959259801e+00 3.682791087959254472e+00 3.682793953183872038e+00 3.682791644065761094e+00 3.682794431566735582e+00 3.682831546058071392e+00 3.682793245655305192e+00 3.682807278249405236e+00
1.314393645484949786e+02 3.592494684221082313e+00 3.592501604284987771e+00 3.592498693007101451e+00 3.592498693007091237e+00 3.592498693007084576e+00 3.592501604284991767e+00 3.592499228043927406e+00 3.592501930443674940e+00 3.592541500868632109e+00 3.592500849225059412e+00 3.592514943463493982e+00
1.319410033444816008e+02 3.502645649134688899e+00 3.502652615918309120e+00 3.502649657957263685e+00 3.502649657957274787e+00 3.502649657957286777e+00 3.502652615918305568e+00 3.502650171500644838e+00 3.502652784309776557e+00 3.502695055233403298e+00 3.502651812128493081e+00 3.502665968838144739e+00
1.324426421404682230e+02 3.413237765685822378e+00 3.413244779953075625e+00 3.413241774670555007e+00 3.413241774670561224e+00 3.413241774670548789e+00 3.413244779953078289e+00 3.413242266297821903e+00 3.413244785047511165e+00 3.413290039064895698e+00 3.413243926230176140e+00 3.413258146215914390e+00
1.329442809364548452e+02 3.324268844652533250e+00 3.324275907174117695e+00 3.324272853922642490e+00 3.324272853922642046e+00 3.324272853922633608e+00 3.324275907174127020e+00 3.324273323212653786e+00 3.324275743464189414e+00 3.324324309695001478e+00 3.324275002310874250e+00 3.324289286398305787e+00
1.334459197324414674e+02 3.235736715495609594e+00 3.235743827049123666e+00 3.235740725172056909e+00 3.235740725172029375e+00 3.235740725172037369e+00 3.235743827049124111e+00 3.235741171705402763e+00 3.235743489062082201e+00 3.235795754152258841e+00 3.235742869835604107e+00 3.235757218894698362e+00
1.339475585284280896e+02 3.147639226265443568e+00 3.147646387634410292e+00 3.147643236466297623e+00 3.147643236466302952e+00 3.147643236466299399e+00 3.147646387634410292e+00 3.147643659824467477e+00 3.147645869941213981e+00 3.147702292520507150e+00 3.147645376858704935e+00 3.147659791690903042e+00
1.344491973244147118e+02 3.059974243219737211e+00 3.059981455193224953e+00 3.059978254059978031e+00 3.059978254059978031e+00 3.059978254059980252e+00 3.059981455193221400e+00 3.059978653826396222e+00 3.059980752420745631e+00 3.060041882412706915e+00 3.059980389643011556e+00 3.059994870975375481e+00
1.349508361204013340e+02 2.972739650507844722e+00 2.972746913883566044e+00 2.972743662100967743e+00 2.972743662100968187e+00 2.972743662101006823e+00 2.972746913883567377e+00 2.972744037860488131e+00 2.972746020724394533e+00 2.972812525636862713e+00 2.972745792346440208e+00 2.972760340978708449e+00
1.354524749163879562e+02 2.885933350067128700e+00 2.885940665651097969e+00 2.885937362525060390e+00 2.885937362525051952e+00 2.885937362525073269e+00 2.885940665651099302e+00 2.885937713864365151e+00 2.885939576874095636e+00 2.886012278243114793e+00 2.885939486915810814e+00 2.885954103712209839e+00
1.359541137123745784e+02 2.799553261606224641e+00 2.799560630208100420e+00 2.799557275036445692e+00 2.799557275036459014e+00 2.799557275036467008e+00 2.799560630208113743e+00 2.799557601544285568e+00 2.799559340670046304e+00 2.799639265762043028e+00 2.799559393066403334e+00 2.799574078675120870e+00
1.364557525083612006e+02 2.713597321727567735e+00 2.713604744168225391e+00 2.713601336237429162e+00 2.713601336237434936e+00 2.713601336237422501e+00 2.713604744168228056e+00 2.713601637504685637e+00 2.713603248821202740e+00 2.713691706184969465e+00 2.713603447414314473e+00 2.713618202715660566e+00
1.369573913043478228e+02 2.628063484649319825e+00 2.628070961754740864e+00 2.628067500342578633e+00 2.628067500342566198e+00 2.628067500342560425e+00 2.628070961754739976e+00 2.628067775962132924e+00 2.628069255658656456e+00 2.628167948624447359e+00 2.628069604187622144e+00 2.628084429825960466e+00
1.374590301003344450e+02 2.542949720957746518e+00 2.542957253564199771e+00 2.542953737937254211e+00 2.542953737937252434e+00 2.542953737937248881e+00 2.542957253564201103e+00 2.542953987504179114e+00 2.542955331894078963e+00 2.543066535948772078e+00 2.542955833987389003e+00 2.542970730748055352e+00
1.379606688963210672e+02 2.458254018334291136e+00 2.458261607283773298e+00 2.458258036699636939e+00 2.458258036699673799e+00 2.458258036699658700e+00 2.458261607283773298e+00 2.458258259811655577e+00 2.458259465340268957e+00 2.458386317484610561e+00 2.458260124507381850e+00 2.458275093051905280e+00
1.384623076923076894e+02 2.373974380490786018e+00 2.373982026635526932e+00 2.373978400340578165e+00 2.373978400340574613e+00 2.373978400340556849e+00 2.373982026635522047e+00 2.373978596596836077e+00 2.373979659851860102e+00 2.374126657553984554e+00 2.373980479475711558e+00 2.373995520560547412e+00
1.389639464882943116e+02 2.290108827822533222e+00 2.290116532022655083e+00 2.290112849252968985e+00 2.290112849252973426e+00 2.290112849252981864e+00 2.290116532022657747e+00 2.290113018256083155e+00 2.290113935973699277e+00 2.290287858199716808e+00 2.290114919303468444e+00 2.290130033519826469e+00
1.394655852842809338e+02 2.206655396196679053e+00 2.206663159320374934e+00 2.206659419301810754e+00 2.206659419301811198e+00 2.206659419301816971e+00 2.206663159320377599e+00 2.206659560656939245e+00 2.206660329729221548e+00 2.206872096213032819e+00 2.206661479874167053e+00 2.206676667989908580e+00
1.399672240802675560e+02 2.123612137915688702e+00 2.123619960841648613e+00 2.123616162788394046e+00 2.123616162788399375e+00 2.123616162788407369e+00 2.123619960841649945e+00 2.123616276102580969e+00 2.123616893586512067e+00 2.123885802573251880e+00 2.123618213509050001e+00 2.123633476015028609e+00
1.404688628762541782e+02 2.040977120215137219e+00 2.040985003829084654e+00 2.040981146945533897e+00 2.040981146945529900e+00 2.040981146945541891e+00 2.040985003829091315e+00 2.040981231829649190e+00 2.040981694949897118e+00 2.041346945355621667e+00 2.040983187461016701e+00 2.040998525139672726e+00
1.409705016722408004e+02 1.958748426242368224e+00 1.958756371440970812e+00 1.958752454919507002e+00 1.958752454919514996e+00 1.958752454919514996e+00 1.958756371440972810e+00 1.958752510985979578e+00 1.958752817142969560e+00 1.959315214803335481e+00 1.958754484897424097e+00 1.958769898280603217e+00
1.414721404682274226e+02 1.876924154206498496e+00 1.876932161894980355e+00 1.876928184917241893e+00 1.876928184917229903e+00 1.876928184917211917e+00 1.876932161894981910e+00 1.876928211782471267e+00 1.876928358555480791e+00 1.878121510223384583e+00 1.876930204046889594e+00 1.876945693657932068e+00
1.419737792642140448e+02 1.795502416981012095e+00 1.795510488074715916e+00 1.795506449810601257e+00 1.795506449810600147e+00 1.795506449810591709e+00 1.795510488074713917e+00 1.795506447093162317e+00 1.795506432245918438e+00 1.783519675589272602e+00 1.795502112193552158e+00 1.795524024309903544e+00
1.424754180602006670e+02 1.714481342738576108e+00 1.714489478163111036e+00 1.714485377770812224e+00 1.714485377770817554e+00 1.714485377770800900e+00 1.714489478163111924e+00 1.714485345092849444e+00 1.714485166574647668e+00 1.713472803479585194e+00 1.714480993787618646e+00 1.714503018215401520e+00
1.429770568561872892e+02 1.633859073911614779e+00 1.633867274601674469e+00 1.633863111228096798e+00 1.633863111228085252e+00 1.633863111228111453e+00 1.633867274601671804e+00 1.633863048214543978e+00 1.633862704164184443e+00 1.633329706803065662e+00 1.633858680515870354e+00 1.633880817886222969e+00
1.434786956521739114e+02 1.553633767254272602e+00 1.553642034155986229e+00 1.553637806935586285e+00 1.553637806935564969e+00 1.553637806935571852e+00 1.553642034155985563e+00 1.553637713214214955e+00 1.553637201962023928e+00 1.553273534741298922e+00 1.553633329154875176e+00 1.553655580150615556e+00
1.439803344481605336e+02 1.473803594118373139e+00 1.473811928187769515e+00 1.473807636243100738e+00 1.473807636243101848e+00 1.473807636243117836e+00 1.473811928187768405e+00 1.473807511445452079e+00 1.473806831512589399e+00 1.473529796487285326e+00 1.473803111078575645e+00 1.473825476188135530e+00
1.444819732441471558e+02 1.394366739404556688e+00 1.394375141608220403e+00 1.394370784049765666e+00 1.394370784049768996e+00 1.394370784049741907e+00 1.394375141608223512e+00 1.394370627809881746e+00 1.394369777911219188e+00 1.394145406660689535e+00 1.394366211209721707e+00 1.394388691052081963e+00
1.449836120401337780e+02 1.315321402074361101e+00 1.315329873390642001e+00 1.315325449315813966e+00 1.315325449315801754e+00 1.315325449315833062e+00 1.315329873390642224e+00 1.315325261271816704e+00 1.315324240313025417e+00 1.315135294480299200e+00 1.315320828531511443e+00 1.315343423673790646e+00
1.454852508361204002e+02 1.236665794857845002e+00 1.236674336274750541e+00 1.236669844769255011e+00 1.236669844769252569e+00 1.236669844769250126e+00 1.236674336274748986e+00 1.236669624561904657e+00 1.236668431639720733e+00 1.236504965942351708e+00 1.236665175795085059e+00 1.236687886652431567e+00
1.459868896321070224e+02 1.158398143487438636e+00 1.158406756006126637e+00 1.158402196141751217e+00 1.158402196141762541e+00 1.158402196141783191e+00 1.158406756006125748e+00 1.158401943415546587e+00 1.158400577815384080e+00 1.158256334515336938e+00 1.158397478753738108e+00 1.158420305928396621e+00
1.464885284280936446e+02 1.080516687511849039e+00 1.080525372143566143e+00 1.080520742979971249e+00 1.080520742979988791e+00 1.080520742979980797e+00 1.080525372143567253e+00 1.080520457382569965e+00 1.080518918576388154e+00 1.080389704999607181e+00 1.080515976976450965e+00 1.080538920858151286e+00
1.469901672240802668e+02 1.003019679064778513e+00 1.003028436833481418e+00 1.003023737416594230e+00 1.003023737416579353e+00 1.003023737416558703e+00 1.003028436833480530e+00 1.003023418599158667e+00 1.003021706242792188e+00 1.002904576123684333e+00 1.003018922616868869e+00 1.003041983720081465e+00
1.474918060200668890e+02 9.259053835960135981e-01 9.259142155376960392e-01 9.259094448998691496e-01 9.259094448998839155e-01 9.259094448999043436e-01 9.259142155376988148e-01 9.259090925171130637e-01 9.259072064458776508e-01 9.258000103661290225e-01 9.259045811438348927e-01 9.259277598793632658e-01
1.479934448160535112e+02 8.491720790274442932e-01 8.491809861892527511e-01 8.491761433500338851e-01 8.491761433500363276e-01 8.491761433500428780e-01 8.491809861892527511e-01 8.491757570598459370e-01 8.491736972852709231e-01 8.490748190193309064e-01 8.491712304979075476e-01 8.491945272683681933e-01
1.484950836120401334e+02 7.728180559664067362e-01 7.728270394091915074e-01 7.728221233735295126e-01 7.728221233735361739e-01 7.728221233735210749e-01 7.728270394091903972e-01 7.728217028372406094e-01 7.728194695422369032e-01 7.727276630677823999e-01 7.728171613043441912e-01 7.728405765365007341e-01
1.489967224080267556e+02 6.968416174557783282e-01 6.968506782525458743e-01 6.968456880116341567e-01 6.968456880116549179e-01 6.968456880116541408e-01 6.968506782525448751e-01 6.968452328946014296e-01 6.968428264274292294e-01 6.967571108105188316e-01 6.968406766233269378e-01 6.968642106352885834e-01
1.494983612040133778e+02 6.212410785564225213e-01 6.212502177928812541e-01 6.212451523238766704e-01 6.212451523238805562e-01 6.212451523238944340e-01 6.212502177928821423e-01 6.212446622945746455e-01 6.212420831651535025e-01 6.211616722547900205e-01 6.212400915323661454e-01 6.212637447702687998e-01
1.500000000000000000e+02 5.460147667990633558e-01 5.460239855736503944e-01 5.460188438395032762e-01 5.460188438394937283e-01 5.460188438395069399e-01 5.460239855736476189e-01 5.460183185693419095e-01 5.460155674428108785e-01 5.459398214182386022e-01 5.460137335777612844e-01 5.460375062784533773e-01
