0.01 2.5604818031265E-05 2.56048176028949E-05 2.56048180229838E-05 2.56048180237402E-05 2.56048180312649E-05 2.5604817602895E-05 2.56048186036668E-05 2.56048171433787E-05 2.5604818175666E-05 2.56048180502581E-05 2.56054858642775E-05
0.030033444816054 0.00040495987679 0.000404959872624 0.000404959876802 0.000404959876788 0.00040495987679 0.000404959872624 0.00040495987694 0.000404959876071 0.000404959876614 0.000404959876722 0.000404970684689
0.050066889632107 0.001470535439276 0.0014705354314 0.001470535439259 0.001470535439293 0.001470535439276 0.0014705354314 0.001470535438554 0.00147053543886 0.001470535439213 0.001470535439112 0.001470575610095
0.070100334448161 0.003453226829526 0.003453226822659 0.00345322682951 0.003453226829509 0.003453226829526 0.003453226822659 0.003453226829645 0.003453226828529 0.003453226829544 0.003453226829492 0.003453323410735
0.090133779264214 0.006555407342985 0.006555407341378 0.006555407342977 0.006555407342979 0.006555407342985 0.006555407341378 0.006555407342567 0.006555407342612 0.00655540734287 0.006555407342842 0.006555595114697
0.110167224080268 0.010967347073374 0.010967347071335 0.010967347073368 0.010967347073369 0.010967347073374 0.010967347071335 0.010967347073919 0.010967347073089 0.010967347073493 0.010967347073394 0.010967668905786
0.130200668896321 0.016874531302037 0.016874531270397 0.016874531302031 0.016874531302041 0.016874531302038 0.016874531270397 0.016874531302074 0.016874531301713 0.016874531302097 0.016874531302008 0.016875038756352
0.150234113712375 0.02446194383523 0.024461943703614 0.024461943835228 0.02446194383522 0.02446194383523 0.024461943703614 0.024461943835473 0.024461943835223 0.024461943835422 0.0244619438353 0.024462697949088
0.170267558528428 0.033917025485123 0.033917025119681 0.033917025485124 0.033917025485124 0.033917025485119 0.03391702511968 0.033917025484572 0.033917025484339 0.033917025484182 0.033917025484582 0.033918097728443
0.190301003344482 0.0454319791926 0.045431978368708 0.045431979192608 0.045431979192606 0.045431979192592 0.045431978368708 0.045431979190889 0.045431979191021 0.045431979189925 0.045431979191264 0.045433452593203
0.210334448160535 0.059205740623844 0.059205738993114 0.059205740623806 0.059205740623808 0.059205740623818 0.059205738993116 0.059205740620861 0.059205740617928 0.059205740617474 0.05920574062037 0.059207711076577
0.230367892976589 0.075445788034865 0.075445785085678 0.075445788034801 0.075445788034797 0.075445788034792 0.075445785085679 0.075445788027938 0.075445788021996 0.075445788020531 0.075445788027001 0.075448365812854
0.250401337792642 0.094369897928676 0.094369892939291 0.094369897928511 0.094369897928495 0.094369897928498 0.09436989293929 0.094369897913477 0.094369897903228 0.094369897899314 0.0943698979126 0.094373209416411
0.270434782608696 0.116207919437035 0.116207911420023 0.11620791943663 0.116207919436648 0.116207919436638 0.116207911420024 0.11620791940908 0.116207919388474 0.116207919381275 0.11620791940665 0.116212109131958
0.290468227424749 0.141203623195108 0.141203610831792 0.141203623194268 0.14120362319426 0.141203623194261 0.141203610831795 0.141203623143666 0.141203623106664 0.141203623093169 0.141203623139411 0.141208855994339
0.310501672240803 0.169616671938141 0.169616653501358 0.169616671936456 0.16961667193645 0.169616671936442 0.169616653501355 0.169616671849971 0.169616671785584 0.169616671762816 0.169616671842333 0.169623135761915
0.330535117056856 0.201724756744182 0.201724730007192 0.201724756740926 0.20172475674094 0.201724756740918 0.201724730007188 0.201724756595419 0.20172475649085 0.201724756452206 0.201724756584084 0.201732665573726
0.35056856187291 0.23782594301051 0.237825905139782 0.237825943004495 0.237825943004496 0.237825943004501 0.23782590513978 0.237825942768835 0.237825942600378 0.237825942539344 0.237825942751318 0.237835540364909
0.370602006688963 0.278241272737355 0.278241220166271 0.278241272726711 0.278241272726693 0.278241272726702 0.27824122016627 0.278241272358215 0.278241272093384 0.2782412719997 0.278241272330726 0.278252835693185
0.390635451505017 0.323317674566645 0.323317602846453 0.323317674548352 0.323317674548339 0.32331767454833 0.323317602846456 0.323317673983793 0.323317673583082 0.323317673438365 0.323317673943652 0.323331518405547
0.41066889632107 0.373431239819524 0.3734311434433 0.373431239788914 0.373431239788914 0.373431239788925 0.373431143443297 0.373431238945102 0.373431238347339 0.373431238131786 0.373431238885983 0.37344772342499
0.430702341137124 0.428990931876981 0.428990804071577 0.428990931827065 0.428990931827086 0.428990931827106 0.42899080407158 0.428990930591216 0.428990929714834 0.428990929400575 0.428990930504889 0.429010463984828
0.450735785953177 0.490442807672011 0.490442640151378 0.490442807592551 0.490442807592537 0.490442807592535 0.49044264015138 0.490442805808171 0.490442804552611 0.490442804100591 0.490442805688639 0.490465854168107
0.470769230769231 0.558274844637783 0.558274627309932 0.558274844513663 0.558274844513664 0.558274844513663 0.558274627309943 0.55827484198118 0.558274840200166 0.558274839563866 0.558274841813775 0.558301937074712
0.490802675585284 0.633022484379985 0.633022204998401 0.633022484189605 0.633022484189657 0.633022484189627 0.633022204998406 0.633022480642749 0.63302247815753 0.633022477270687 0.633022480414388 0.633054229966797
0.510836120401338 0.715275026830019 0.715274670577416 0.715275026542741 0.715275026542752 0.715275026542736 0.715274670577416 0.715275021633027 0.715275018210046 0.715275016989115 0.715275021327506 0.71531212017365
0.530869565217391 0.805683036530879 0.805682585521052 0.805683036103785 0.805683036103778 0.805683036103773 0.805682585521061 0.805683029386062 0.805683024718759 0.805683023060018 0.805683028980059 0.805726273483993
0.550903010033445 0.904966957603548 0.904966390283295 0.904966956977031 0.904966956977071 0.904966956977061 0.904966390283284 0.904966947879045 0.904966941582229 0.904966939347468 0.904966947345632 0.90501725166595
0.570936454849498 1.01392717774371 1.01392646817194 1.01392717683583 1.01392717683577 1.0139271768358 1.01392646817194 1.0139271646229 1.01392715620274 1.01392715322361 1.01392716393028 1.0139855795518
0.590969899665552 1.13345583672473 1.13345495370163 1.13345583542362 1.13345583542366 1.13345583542359 1.13345495370163 1.13345581916239 1.13345580799915 1.13345580405825 1.13345581827345 1.13352355731855
0.611003344481605 1.26455074482783 1.26454965083694 1.26455074298178 1.26455074298174 1.26455074298183 1.26454965083692 1.2645507214886 1.26455070679893 1.26455070162652 1.26455072035949 1.2646291835237
0.631036789297659 1.40833186559866 1.408330515518 1.40833186300349 1.40833186300349 1.4083318630035 1.40833051551806 1.40833183478599 1.40833181558456 1.40833180883947 1.40833183336294 1.40842264356631
0.651070234113712 1.56606093163643 1.56605927116112 1.56606092801818 1.56606092801824 1.56606092801814 1.56605927116114 1.56606089119089 1.56606086624627 1.56606085750392 1.5660608894147 1.56616593249169
0.671103678929766 1.73916490933072 1.73916287303112 1.7391649043237 1.7391649043237 1.73916490432372 1.73916287303108 1.73916485651381 1.73916482428107 1.7391648130139 1.73916485431556 1.73928632851032
0.69113712374582 1.92926422009416 1.9292617290174 1.92926421321235 1.92926421321235 1.92926421321226 1.92926172901744 1.9292641514394 1.92926410998792 1.92926409553576 1.92926414873912 1.92940462521766
0.711170568561873 2.13820687630361 2.13820383499028 2.13820686690209 2.13820686690212 2.1382068669021 2.13820383499023 2.13820678742061 2.13820673433833 2.13820671588076 2.13820678412951 2.13836928135425
0.731204013377926 2.36811002069767 2.36810631345213 2.36811000792335 2.36811000792354 2.36811000792343 2.36810631345211 2.36810990602262 2.36810983829844 2.36810981480992 2.36810990204328 2.36829797788176
0.75123745819398 2.62141079835115 2.6214062845509 2.62141078107647 2.6214107810767 2.62141078107649 2.62140628455091 2.62141065083442 2.62141056469858 2.62141053490503 2.62141064605952 2.62162851231331
0.771270903010034 2.9009290795731 2.90092358772693 2.90092905630919 2.90092905630918 2.90092905630932 2.90092358772696 2.90092889026366 2.90092878100197 2.90092874330929 2.90092888458291 2.90118155072005
0.791304347826087 3.20994535170242 3.20993867186812 3.2099453204834 3.20994532048302 3.20994532048318 3.20993867186804 3.20994510922776 3.20994497091253 3.20994492332623 3.20994510251857 3.21023855715875
0.811337792642141 3.55229818869059 3.55229006273512 3.5522981469186 3.55229814691864 3.55229814691866 3.55229006273502 3.55229787854048 3.55229770372923 3.55229764374587 3.55229787069139 3.55263931264614
0.831371237458194 3.93250721425324 3.93249732322115 3.93250715848979 3.93250715848974 3.93250715848973 3.932497323221 3.93250681788319 3.93250659716306 3.93250652163366 3.93250680878233 3.93290494366636
0.851404682274248 4.35592957594396 4.35591752354793 4.35592950162887 4.35592950162919 4.35592950162888 4.35591752354781 4.35592906953102 4.35592879098268 4.35592869592846 4.35592905909721 4.35639448356138
0.871438127090301 4.82896091127139 4.82894620209146 4.8289608123378 4.82896081233761 4.82896081233755 4.8289462020919 4.82896026410028 4.82895991253126 4.82895979289224 4.82896025228345 4.82950595658102
0.891471571906355 5.35929601491159 5.35927802531889 5.3592958832536 5.35929588325365 5.3592958832536 5.35927802531879 5.35929518713595 5.35929474309662 5.35929459240529 5.35929517396061 5.35993720620508
0.911505016722408 5.95627051966998 5.95624845862489 5.95627034440858 5.95627034440838 5.95627034440881 5.95624845862496 5.95626945929677 5.95626889769824 5.95626870763969 5.95626944489021 5.95702779833725
0.931538461538462 6.63131381960548 6.63128667515215 6.63131358605223 6.63131358605209 6.63131358605218 6.63128667515246 6.63131245827195 6.63131174653954 6.63131150633554 6.63131244294251 6.63221225639783
0.951571906354515 7.39855665626974 7.39852312160227 7.39855634445205 7.39855634445157 7.39855634445209 7.39852312160262 7.39855490338285 7.39855399882292 7.39855369439066 7.39855488769359 7.39962808869253
0.971605351170569 8.2756565262664 8.27561489614736 8.27565610880364 8.27565610880407 8.27565610880398 8.2756148961471 8.2756542606165 8.27565310677286 8.27565271952587 8.27565424554432 8.27694183153802
0.991638795986622 9.28493394495106 9.28488196852588 9.28493338396212 9.28493338396105 9.28493338396132 9.28488196852596 9.28493100266999 9.28492952407547 9.28492902921236 9.28493098981794 9.28648623918973
1.01167224080268 10.4549582052625 10.4548928736921 10.4549574477573 10.4549574477582 10.4549574477573 10.454892873692 10.4549543621987 10.4549524567259 10.4549518207743 10.454954354122 10.4568474140607
1.03170568561873 11.8227912317793 11.8227084670999 11.8227902027416 11.8227902027434 11.8227902027418 11.8227084670998 11.8227861772818 11.8227837049431 11.8227828820905 11.8227861780329 11.8251107181966
1.05173913043478 13.4372050807358 13.4370992729581 13.4372036725174 13.4372036725169 13.4372036725179 13.4370992729578 13.4371983780752 13.437195144159 13.4371940708174 13.4371983940377 13.4400813977771
1.07177257525084 15.3633489113424 15.3632122201632 15.3633469671848 15.3633469671827 15.3633469671835 15.3632122201614 15.363339937085 15.3633356665414 15.3633342530578 15.3633399783151 15.3669563365129
1.09180602006689 17.6895680075051 17.6893892981205 17.6895652955744 17.6895652955767 17.6895652955749 17.6893892981199 17.689555857399 17.689550155496 17.6895482734709 17.6895559398611 17.6941503877722
1.11183946488294 20.5373494553726 20.5371126736497 20.5373456275763 20.5373456275759 20.5373456275773 20.537112673648 20.5373327976617 20.5373250892916 20.5373225519858 20.537332946895 20.5432530006229
1.131872909699 24.0755178678735 24.075199600721 24.075512394992 24.07551239499 24.075512394995 24.0751996007231 24.075494717124 24.0754841544133 24.0754806870938 24.0754949742931 24.0832392851408
1.15190635451505 28.5391466508292 28.5387126790235 28.5391387241919 28.5391387241955 28.5391387241927 28.5387126790269 28.5391140352796 28.5390993644561 28.5390945617423 28.5391144669547 28.5493987440697
1.1719397993311 34.249916264651 34.2493175291198 34.2499046643852 34.2499046643895 34.2499046643853 34.2493175291224 34.2498698042028 34.2498492031449 34.2498424773726 34.2498705168613 34.2636985945227
1.19197324414716 41.6215260606057 41.6206968995882 41.6215090428991 41.6215090429053 41.6215090428937 41.6206968995861 41.621459674414 41.621430659585 41.6214212125217 41.6214608307698 41.6401356914889
1.21200668896321 51.0991743791576 51.0980425072794 51.0991498019325 51.099149801953 51.099149801932 51.0980425072706 51.0990809371961 51.0990406858354 51.0990276154649 51.09908275686 51.1239579023497
1.23204013377926 62.9297058726012 62.9282322887006 62.9296720625689 62.9296720625608 62.9296720625708 62.9282322886857 62.9295805153408 62.9295272988397 62.9295100646128 62.9295832109933 62.9612008996003
1.25207357859532 76.7138218211132 76.7120711365857 76.7137794279999 76.7137794280263 76.7137794279909 76.712071136578 76.7136684491816 76.713604289281 76.7135835662294 76.7136720546918 76.7503640977963
1.27210702341137 91.1179425837387 91.1161049469407 91.1178956740354 91.117895674023 91.1178956739961 91.1161049469473 91.1177768911056 91.117708593423 91.1176865920703 91.1177811140603 91.1554218227453
1.29214046822743 104.43234152762 104.43062654458 104.43229542793 104.432295427938 104.432295427926 104.430626544598 104.432182467582 104.432117870559 104.432097115853 104.432186832074 104.466537356917
1.31217391304348 115.582628787305 115.581148958342 115.582586944459 115.582586944468 115.582586944458 115.581148958341 115.582487685961 115.58243123182 115.582413140558 115.582491829491 115.611492434549
1.33220735785953 124.407789538611 124.406557749034 124.407752939605 124.407752939599 124.407752939603 124.406557749025 124.407668856525 124.407621291702 124.40760608847 124.407672629745 124.43130404929
1.35224080267559 131.250322553073 131.249304833486 131.25029080994 131.250290809936 131.250290809944 131.249304833476 131.250220154013 131.250180399736 131.250167725568 131.250223547446 131.269346674103
1.37227424749164 136.560091420179 136.559244440867 136.560063714888 136.560063714894 136.560063714892 136.559244440869 136.560003945159 136.559970496136 136.55995985928 136.560007005586 136.575602053647
1.39230769230769 140.725888579017 140.725174209072 140.725864095537 140.725864095534 140.725864095538 140.725174209068 140.725812884273 140.725784377725 140.725775335443 140.725815670324 140.738710477502
1.41234113712375 144.042484151936 144.041872473554 144.042462206804 144.042462206803 144.042462206803 144.041872473556 144.04241768717 144.042393037128 144.04238523767 144.0424202527 144.053249001252
1.4323745819398 146.723549507567 146.723017955019 146.723529562148 146.72352956215 146.723529562148 146.723017955018 146.723490305007 146.723468683631 146.723461859424 146.723492694792 146.732725698032
1.45240802675585 148.92241943884 148.92195114895 148.922401076758 148.92240107675 148.922401076755 148.921951148948 148.92236600196 148.922346785663 148.922340735443 148.922368251963 148.930352328576
1.47244147157191 150.74970593645 150.749288256748 150.749688836275 150.749688836275 150.749688836274 150.749288256748 150.749657125934 150.749639843777 150.749634415772 150.749659264735 150.756651752365
1.49247491638796 152.28615454938 152.285777891965 152.286138461293 152.286138461291 152.286138461293 152.285777891966 152.286109490812 152.28609378402 152.286088862696 152.286111541175 152.292305564457
1.51250836120401 153.591567423943 153.591224432911 153.591552151738 153.591552151738 153.591552151738 153.591224432909 153.591525438718 153.591511030751 153.591506527156 153.591527418892 153.597069860483
1.53254180602007 154.710909480927 154.710594438601 154.710894868596 154.710894868594 154.710894868596 154.7105944386 154.710870035861 154.710856710914 154.710852555687 154.710871960635 154.71587608591
1.55257525083612 155.678493651611 155.67820205591 155.678479573537 155.678479573538 155.678479573539 155.67820205591 155.678456322582 155.678443910146 155.678440048522 155.678458204058 155.683012541193
1.57260869565217 156.520875050627 156.520603312502 156.520861404379 156.52086140438 156.52086140438 156.520603312501 156.520839496147 156.520827859881 156.520824248116 156.520841344349 156.525015979541
1.59264214046823 157.258876906743 157.258622131489 157.258863607771 157.25886360777 157.258863607771 157.258622131491 157.258842848683 157.258831878359 157.258828481094 157.258844672009 157.262695761589
1.61267558528428 157.909028036991 157.908787864426 157.909015014669 157.909015014669 157.909015014669 157.908787864426 157.908995246342 157.908984851905 157.908981640274 157.908997051908 157.912570095679
1.63270903010033 158.484596989998 158.484369476247 158.484584184663 158.484584184661 158.484584184663 158.484369476247 158.484565276268 158.484555383421 158.484552333625 158.484567070163 158.487899316307
1.65274247491639 158.996346204328 158.996129733367 158.996333565028 158.996333565031 158.996333565028 158.996129733368 158.996315407544 158.99630595446 158.996303046693 158.996317195035 158.999439428637
1.67277591973244 159.453089218236 159.452882434925 159.453076701011 159.45307670101 159.453076701011 159.452882434925 159.453059202839 159.45305013763 159.453047355288 159.453060988527 159.455998878308
1.6928093645485 159.862107508468 159.861909267296 159.862095075006 159.862095075006 159.862095075006 159.861909267295 159.862078158628 159.862069437424 159.86206676646 159.862079946563 159.8648550702
1.71284280936455 160.229465994055 160.22927531948 160.229453610653 160.229453610654 160.229453610654 160.229275319481 160.229437209994 160.229428795445 160.229426223919 160.229439003785 160.232069636999
1.7328762541806 160.560254483132 160.560070538621 160.560242119879 160.560242119879 160.56024211988 160.560070538619 160.56022617829 160.560218038394 160.560215556066 160.560227981166 160.562729711386
1.75290969899666 160.858774363394 160.858596426988 160.85876199351 160.85876199351 160.858761993511 160.858596426989 160.858746462119 160.858738569294 160.858736167347 160.858748277005 160.861134485214
1.77294314381271 161.128684356848 161.128511801724 161.128671956154 161.128671956154 161.128671956155 161.128511801724 161.128656792597 161.128649122944 161.128646793735 161.128658622152 161.130940864587
1.79297658862876 161.373115350534 161.372947629415 161.37310289703 161.373102897029 161.373102897031 161.372947629415 161.373088064389 161.373080597095 161.373078333973 161.373089911057 161.375278224116
1.81301003344482 161.594761635272 161.594598267834 161.594749108794 161.594749108795 161.594749108795 161.594598267835 161.59473457477 161.594727291631 161.594725088772 161.594736440806 161.596839586681
1.83304347826087 161.795953979184 161.795794541773 161.795941361112 161.795941361112 161.795941361112 161.795794541773 161.795927097325 161.795919982353 161.795917834636 161.795928984827 161.797954650762
1.85307692307692 161.978718591388 161.978562708613 161.978705864418 161.978705864419 161.978705864417 161.978562708613 161.978691845851 161.978684884934 161.97868278785 161.978693756775 161.980648717893
1.87311036789298 162.1448250358 162.144672373581 162.144812183742 162.144812183742 162.144812183742 162.144672373581 162.144798388257 162.144791568911 162.144789518468 162.144800324446 162.146690577657
1.89314381270903 162.295825423745 162.295675683543 162.295812431365 162.295812431364 162.295812431365 162.295675683544 162.295798839329 162.295792150475 162.295790143119 162.295800802523 162.297631677397
1.91317725752508 162.433086673195 162.43293958719 162.433073526073 162.433073526073 162.433073526072 162.432939587189 162.433060120012 162.433053551783 162.433051584352 162.433062111868 162.43483836289
1.93321070234114 162.557817217221 162.557672544257 162.557803901636 162.557803901636 162.557803901635 162.557672544257 162.557790665979 162.557784209559 162.557782279229 162.55779268807 162.55951857193
1.95324414715719 162.671089239976 162.670946762155 162.671075742808 162.671075742807 162.671075742807 162.670946762154 162.671062663639 162.671056311143 162.67105441538 162.671064717478 162.672744058053
1.97327759197324 162.773857286185 162.773716805957 162.773843594832 162.773843594832 162.773843594832 162.773716805957 162.773830659702 162.773824404055 162.773822540582 162.773832746741 162.775468990133
1.9933110367893 162.866973913353 162.866835251046 162.866960015651 162.866960015651 162.866960015651 162.866835251046 162.866947213403 162.866941048241 162.866939215016 162.866949335043 162.868545596271
2.01334448160535 162.951202918411 162.951065910122 162.951188802585 162.951188802586 162.951188802585 162.951065910123 162.951176123204 162.95117004281 162.951168237985 162.951178280807 162.952737383713
2.0333779264214 163.027230564931 163.027095060695 163.027216219527 163.027216219527 163.027216219526 163.027095060695 163.027203654028 163.027197653238 163.027195875144 163.027205848912 163.028730360367
2.05341137123746 163.095675153555 163.095541015781 163.0956605674 163.095660567399 163.0956605674 163.095541015781 163.095648107712 163.095642181863 163.095640428992 163.09565034116 163.097142600483
2.07344481605351 163.157095213118 163.156962315231 163.157080375277 163.157080375277 163.157080375277 163.156962315231 163.157068014149 163.157062159029 163.157060430015 163.157070287417 163.158532431779
2.09347826086957 163.211996538195 163.211864763449 163.211981437939 163.211981437939 163.21198143794 163.211864763449 163.211969168859 163.211963380657 163.211961674259 163.211971483175 163.213405469673
2.11351170568562 163.260838257808 163.260707498255 163.260822884577 163.260822884577 163.260822884577 163.260707498255 163.260810701698 163.26080497697 163.260803292058 163.260813058269 163.262220683108
2.13354515050167 163.304038086897 163.30390824248 163.304022430273 163.304022430273 163.304022430273 163.303908242481 163.304010328355 163.304004663974 163.304002999531 163.304012728366 163.305395643602
2.15357859531773 163.341976885802 163.341847863567 163.341960935487 163.341960935486 163.341960935487 163.341847863567 163.341948909841 163.34194330298 163.341941658073 163.341951354458 163.343311082698
2.17361204013378 163.375002631713 163.37487434511 163.374986377505 163.374986377505 163.374986377505 163.37487434511 163.374974423941 163.374968872041 163.374967245822 163.374976914318 163.376314861553
2.19364548494983 163.403433888247 163.403306256507 163.403417320023 163.403417320023 163.403417320023 163.403306256507 163.403405434806 163.40339993555 163.403398327251 163.403407972082 163.404725439082
2.21367892976589 163.427562845678 163.427435793268 163.427545953372 163.427545953372 163.427545953372 163.427435793268 163.427534133191 163.427528684481 163.4275270934 163.427536718491 163.428834910853
2.23371237458194 163.447657992376 163.447531448519 163.447640765967 163.447640765967 163.447640765967 163.447531448518 163.447629007893 163.447623607836 163.447622033339 163.447631642335 163.448911679348
2.25374581939799 163.463966468412 163.463840366644 163.463948897907 163.463948897908 163.463948897907 163.463840366644 163.463937199367 163.463931846255 163.463930287761 163.463939884058 163.465202806603
2.27377926421405 163.476716144581 163.476590422374 163.476698220005 163.476698220005 163.476698220005 163.476590422374 163.476686578754 163.47668127105 163.47667972803 163.476689314796 163.477936092375
2.2938127090301 163.486117463435 163.485992061847 163.486099174819 163.486099174819 163.486099174819 163.485992061848 163.486087588913 163.486082325236 163.486080797214 163.486090377401 163.487321914413
2.31384615384615 163.492365073422 163.492239936789 163.492346410791 163.492346410791 163.492346410791 163.492239936789 163.492334878571 163.492329657681 163.492328144227 163.492337720594 163.493554861948
2.33387959866221 163.495639282756 163.49551435841 163.495620236118 163.495620236117 163.495620236118 163.49551435841 163.495608756182 163.495603576978 163.495602077697 163.495611652828 163.496815188976
2.35391304347826 163.496107355713 163.495982593736 163.496087915056 163.496087915055 163.496087915056 163.495982593737 163.496076486251 163.496071347749 163.496069862289 163.496079438601 163.497270110064
2.37394648829431 163.493924670966 163.49380002396 163.493904826243 163.493904826243 163.493904826243 163.493800023961 163.49389344764 163.493888348973 163.493886877017 163.493896456775 163.495074958213
2.39397993311037 163.489235758702 163.489111181584 163.489215499827 163.489215499827 163.489215499827 163.489111181584 163.489204170714 163.48919911112 163.489197652383 163.489207237712 163.490374221582
2.41401337792642 163.482175231044 163.482050680864 163.482154547888 163.482154547888 163.482154547888 163.482050680865 163.482143267747 163.482138246565 163.482136800793 163.482146393688 163.483302473586
2.43404682274247 163.472868618472 163.472744054243 163.472847500852 163.472847500853 163.472847500852 163.472744054243 163.472836269358 163.472831286018 163.472829852984 163.472839455319 163.473985208939
2.45408026755853 163.461433122893 163.461308505432 163.461411560566 163.461411560565 163.461411560565 163.461308505432 163.461400377568 163.461395431584 163.461394011089 163.461403624628 163.462539596527
2.47411371237458 163.44797829713 163.447853588931 163.447956279792 163.447956279792 163.447956279792 163.447853588931 163.447945145308 163.447940236279 163.447938828146 163.447948454547 163.449075158608
2.49414715719064 163.432606658949 163.432481824041 163.432584176225 163.432584176225 163.432584176225 163.432481824041 163.432573090431 163.432568218025 163.432566822104 163.432576462928 163.433694384605
2.51418060200669 163.415414246827 163.415289250669 163.415391288268 163.415391288269 163.415391288268 163.41528925067 163.415380251488 163.41537541545 163.415374031609 163.415383688328 163.41649328671
2.53421404682274 163.396491123915 163.396365933282 163.396467678995 163.396467678995 163.396467678995 163.396365933282 163.396456691694 163.39645189183 163.396450519963 163.396460193962 163.397561903635
2.5542474916388 163.375921835619 163.37579641851 163.375897893729 163.375897893729 163.375897893729 163.37579641851 163.375886956508 163.375882192692 163.375880832706 163.375890525293 163.376984758065
2.57428093645485 163.353785825809 163.353660151353 163.353761376254 163.353761376253 163.353761376254 163.353660151352 163.35375048984 163.353745762005 163.353744413827 163.353754126235 163.354841272695
2.5943143812709 163.330157815865 163.330031854239 163.330132847859 163.330132847858 163.330132847859 163.330031854239 163.330122013106 163.330117321235 163.330115984811 163.330125718204 163.331206149163
2.61434782608696 163.305108150421 163.304981872777 163.305082653083 163.305082653084 163.305082653083 163.304981872777 163.305071870955 163.305067215094 163.305065890383 163.30507564586 163.30614971367
2.63438127090301 163.278703113167 163.278576491557 163.27867707552 163.27867707552 163.27867707552 163.278576491557 163.278666347099 163.278661727335 163.278660414312 163.278670192912 163.27973823267
2.65441471571906 163.251005215611 163.250878222927 163.250978626576 163.250978626576 163.250978626576 163.250878222927 163.250967953044 163.250963369517 163.250962068175 163.250971870876 163.252034201588
2.67444816053512 163.222073461677 163.221946071586 163.22204631007 163.222046310071 163.22204631007 163.221946071586 163.222035692717 163.222031145609 163.222029855953 163.222039683681 163.223096609237
2.69448160535117 163.191963590162 163.191835777055 163.191935864693 163.191935864693 163.191935864693 163.191835777055 163.191925304903 163.191920794446 163.191919516489 163.191929370121 163.192981180268
2.71451505016722 163.16072829744 163.160600036377 163.160699986709 163.16069998671 163.160699986709 163.160600036377 163.160689485962 163.160685012423 163.160683746197 163.160693626558 163.161740597764
2.73454849498328 163.128417442094 163.128288708758 163.128388534586 163.128388534587 163.128388534587 163.128288708758 163.128378094452 163.128373658143 163.128372403688 163.12838231156 163.129424707846
2.75458193979933 163.095078233305 163.094949003957 163.09504871739 163.095048717391 163.09504871739 163.094949003957 163.095038339526 163.095033940796 163.095032698164 163.095042634284 163.09608070796
2.77461538461538 163.060755404353 163.060625655789 163.060725268281 163.060725268281 163.060725268281 163.06062565579 163.06071495443 163.06071059366 163.060709362917 163.060719327983 163.061753320351
2.79464882943144 163.025491372665 163.025361082182 163.025460604566 163.025460604566 163.025460604566 163.025361082182 163.025450356553 163.025446034162 163.025444815382 163.025454810051 163.026484952061
2.81468227424749 162.989326387608 162.98919553296 162.989294975486 162.989294975486 162.989294975486 162.98919553296 162.989284795213 162.989280511654 162.98927930492 162.989289329817 162.990315842654
2.83471571906355 162.952298667061 162.952167226432 162.952266598794 162.952266598793 162.952266598793 162.952167226431 162.95225648824 162.952252243999 162.952251049405 162.952261105115 162.953284200763
2.8547491638796 162.914444523784 162.914312475752 162.914411787118 162.914411787118 162.914411787118 162.914312475752 162.914401748336 162.91439754393 162.914396361582 162.914406448659 162.915426330418
2.87478260869565 162.875798482458 162.875665805971 162.875765065011 162.875765065011 162.875765065011 162.875665805971 162.875755100127 162.8757509361 162.875749766107 162.875759885075 162.876776748051
2.89481605351171 162.836393388187 162.836260062526 162.836359277439 162.836359277439 162.836359277439 162.836260062527 162.836349388646 162.836345265577 162.836344108065 162.836354259414 162.837368290967
2.91484949832776 162.796260507182 162.796126511946 162.796225690478 162.796225690478 162.796225690478 162.796126511946 162.796215880038 162.796211798531 162.796210653624 162.796220837821 162.79723221799
2.93488294314381 162.755429620265 162.755294935335 162.755394084809 162.755394084809 162.755394084809 162.755294935336 162.75538435505 162.755380315738 162.755379183575 162.755389401057 162.756398302948
2.95491638795987 162.713929109805 162.713793715332 162.713892842661 162.713892842661 162.713892842661 162.713793715331 162.713883195973 162.713879199516 162.713878080244 162.71388833142 162.714894921575
2.97494983277592 162.671786040593 162.671649916965 162.671749028678 162.671749028678 162.671749028678 162.671649916965 162.671739467516 162.671735514599 162.67173440837 162.671744693628 162.672749132372
2.99498327759197 162.629026235168 162.628889362997 162.628988465252 162.628988465252 162.628988465252 162.628889362997 162.628978992131 162.628975083464 162.628973990441 162.628984310142 162.629986751905
3.01501672240803 162.585674344012 162.585536704111 162.585635802718 162.585635802718 162.585635802718 162.585536704111 162.585626420211 162.585622556532 162.58562147688 162.585631831365 162.586632424987
3.03505016722408 162.541753911041 162.541615484409 162.541714584838 162.541714584837 162.541714584838 162.541615484409 162.541705295579 162.541701477647 162.541700411543 162.541710801128 162.542709690138
3.05508361204013 162.49728743473 162.497148202531 162.497247309933 162.497247309933 162.497247309933 162.497148202531 162.497238116608 162.497234345209 162.497233292835 162.497243717818 162.498241040707
3.07511705685619 162.452296425238 162.452156368782 162.452255488005 162.452255488005 162.452255488005 162.452156368782 162.452246393359 162.452242669296 162.452241630843 162.452252091502 162.453247981958
3.09515050167224 162.406801457778 162.406660558514 162.406759694109 162.406759694109 162.406759694109 162.406660558514 162.406750700939 162.406747025046 162.406746000709 162.4067564973 162.407751084463
3.11518394648829 162.360822222622 162.360680462114 162.360779618354 162.360779618353 162.360779618353 162.360680462114 162.360770729512 162.360767102639 162.360766092621 162.360776625384 162.361770034053
3.13521739130435 162.314377571857 162.314234931774 162.314334112662 162.314334112663 162.314334112662 162.314234931774 162.314325331052 162.314321754075 162.314320758584 162.314331327741 162.315323678584
3.1552508361204 162.267485563237 162.267342025337 162.267441234623 162.267441234623 162.267441234623 162.267342025337 162.267432563194 162.267429037011 162.267428056263 162.267438662018 162.268430071779
3.17528428093645 162.220163501295 162.220019047415 162.220118288598 162.220118288599 162.220118288598 162.220019047415 162.220109730356 162.220106255882 162.220105290101 162.220115932642 162.221106514315
3.19531772575251 162.172427975936 162.172282587975 162.172381864321 162.172381864321 162.17238186432 162.172282587975 162.172373422317 162.172370000492 162.172369049904 162.172379729402 162.173369592398
3.21535117056856 162.124294898591 162.124148558503 162.124247873048 162.124247873048 162.124247873048 162.124148558503 162.124239550382 162.124236182166 162.124235247006 162.124245963618 162.125235213969
3.23538461538462 162.075779536353 162.075632226131 162.075731581694 162.075731581694 162.075731581694 162.075632226131 162.075723381514 162.075720067887 162.075719148396 162.075729902264 162.076718642738
3.25541806020067 162.026896543912 162.026748245577 162.02684764477 162.02684764477 162.02684764477 162.026748245577 162.026839570267 162.026836312231 162.026835408654 162.026846199905 162.027834530169
3.27545150501672 161.977659993683 161.977510689278 161.977610134508 161.977610134509 161.977610134508 161.977510689278 161.977602188924 161.977598987497 161.977598100088 161.977608928836 161.978596945581
3.29548494983278 161.928083404136 161.927933075713 161.928032569194 161.928032569194 161.928032569194 161.927933075713 161.928024755809 161.928021612035 161.928020741051 161.928031607396 161.929019404484
3.31551839464883 161.878179766501 161.878028396109 161.878127939869 161.878127939869 161.878127939869 161.878028396109 161.878120262011 161.878117176949 161.878116322656 161.878127226684 161.879114895267
3.33555183946488 161.827961569925 161.827809139603 161.827908735489 161.82790873549 161.827908735489 161.827809139603 161.827901196529 161.827898171261 161.827897333928 161.827908275713 161.828895904358
3.35558528428094 161.777440825223 161.777287316988 161.777386966673 161.777386966674 161.777386966673 161.777287316988 161.777379570024 161.777376605649 161.777375785552 161.777386765157 161.778374439949
3.37561872909699 161.726629087244 161.726474483087 161.726574188077 161.726574188077 161.726574188077 161.726474483087 161.726566937194 161.72656403483 161.726563232252 161.726574249726 161.727562054379
3.39565217391304 161.675537476037 161.675381757908 161.67548151955 161.67548151955 161.67548151955 161.675381757908 161.675474417928 161.675471578714 161.675470793943 161.675481849325 161.676469865279
3.4156856187291 161.624176696806 161.62401984661 161.624119666091 161.624119666091 161.624119666091 161.62401984661 161.624112717267 161.624109942363 161.62410917569 161.624120269008 161.625108575533
3.43571906354515 161.572557058814 161.572399058394 161.572498936753 161.572498936752 161.572498936752 161.572399058394 161.572492144302 161.572489434885 161.572488686611 161.572499817879 161.57348849216
3.4557525083612 161.520688493198 161.520529324354 161.520629262482 161.520629262482 161.520629262482 161.520529324354 161.520622630023 161.520619987288 161.520619257717 161.520630426942 161.521619544157
3.47578595317726 161.468580569915 161.468420214353 161.468520213001 161.468520213002 161.468520213001 161.468420214353 161.468513744189 161.468511169351 161.468510458794 161.468521665971 161.469511299392
3.49581939799331 161.416242513684 161.416080953043 161.416181012827 161.416181012827 161.416181012827 161.416080953042 161.416174711352 161.416172205647 161.416171514422 161.416182759534 161.41717298059
3.51585284280936 161.363683219162 161.363520434992 161.363620556394 161.363620556394 161.363620556395 161.363520434992 161.363614425989 161.363611990671 161.363611319099 161.363622602122 161.364613480478
3.53588628762542 161.310911265297 161.310747239055 161.310847422432 161.310847422433 161.310847422432 161.310747239055 161.310841466866 161.310839103206 161.310838451615 161.310849772513 161.311841376138
3.55591973244147 161.257934928911 161.257769641954 161.257869887534 161.257869887534 161.257869887534 161.257769641954 161.257864110611 161.257861819902 161.257861188626 161.257872547355 161.258864942608
3.57595317725753 161.204762197657 161.204595631233 161.204695939128 161.204695939127 161.204695939128 161.204595631233 161.204690344689 161.204688128242 161.204687517621 161.204698914126 161.205692165791
3.59598662207358 161.151400782229 161.151232917469 161.151333287673 161.151333287673 161.151333287673 161.151232917469 161.151327879596 161.151325738741 161.151325149119 161.151336583338 161.152330754703
3.61602006688963 161.097858128004 161.097688945919 161.097789378312 161.097789378312 161.097789378312 161.097688945919 161.09778416051 161.097782096596 161.097781528326 161.097793000185 161.098788153096
3.63605351170569 161.04414142609 161.043970907561 161.044071401913 161.044071401913 161.044071401913 161.043970907561 161.044066378334 161.044064392729 161.044063846168 161.044075355586 161.045071550511
3.65608695652174 160.990257623836 160.990085749608 160.990186305584 160.990186305584 160.990186305584 160.990085749608 160.99018148021 160.990179574301 160.990179049812 160.9901905967 160.991187892768
3.67612040133779 160.936213434784 160.93604018546 160.93614080262 160.93614080262 160.93614080262 160.93604018546 160.936136179467 160.93613435466 160.936133852612 160.936145436872 160.937143891945
3.69615384615385 160.882015348199 160.88184070423 160.881941382032 160.881941382032 160.881941382032 160.88184070423 160.881936965151 160.881935222873 160.881934743642 160.881946365166 160.882946035872
3.7161872909699 160.827669638079 160.827493579763 160.827594317568 160.827594317568 160.827594317568 160.827493579763 160.827590111042 160.827588452739 160.827587996704 160.827599655377 160.828600597157
3.73622073578595 160.773182371758 160.773004879228 160.773105676301 160.773105676301 160.7731056763 160.773004879228 160.773101684245 160.773100111381 160.773099678931 160.77311137463 160.774113641789
3.75625418060201 160.718559418091 160.718380471314 160.718481326825 160.718481326825 160.718481326825 160.718380471314 160.718477553389 160.718476067449 160.718475658977 160.71848739157 160.719491037314
3.77628762541806 160.663806455265 160.663626034028 160.66372694706 160.66372694706 160.66372694706 160.663626034028 160.663723396425 160.663721998913 160.663721614816 160.663733384165 160.664738460646
3.79632107023411 160.608928978219 160.60874706213 160.608848031674 160.608848031674 160.608848031674 160.60874706213 160.608844708052 160.608843400492 160.608843041178 160.608854847134 160.60986140549
3.81635451505017 160.553932305751 160.553748874226 160.553849899188 160.553849899188 160.553849899188 160.553748874226 160.553846806824 160.55384559076 160.553845256639 160.553857099048 160.554865189435
3.83638795986622 160.498821587256 160.498636619518 160.49873769872 160.49873769872 160.49873769872 160.498636619517 160.498734841888 160.498733718883 160.498733410374 160.498745289073 160.499754960711
3.85642140468227 160.443601809204 160.443415284273 160.443516416454 160.443516416454 160.443516416454 160.443415284273 160.443513799461 160.443512771099 160.443512488626 160.443524403445 160.444535704638
3.87645484949833 160.388277801277 160.388089697964 160.388190881785 160.388190881785 160.388190881785 160.388089697964 160.388188508965 160.388187576851 160.388187320844 160.388199271605 160.389212249788
3.89648829431438 160.332854242255 160.332664539157 160.332765773198 160.332765773197 160.332765773197 160.332664539157 160.332763648917 160.332762814674 160.332762585573 160.33277457209 160.333789273854
3.91652173913043 160.277335665642 160.277144341133 160.277245623898 160.277245623897 160.277245623897 160.277144341133 160.277243752552 160.277243017826 160.277242816072 160.277254838153 160.278271309276
3.93655518394649 160.221726465014 160.221533497241 160.221634827159 160.221634827159 160.221634827159 160.221533497241 160.221633213175 160.221632579631 160.221632405673 160.221644463119 160.222662748599
3.95658862876254 160.166030899171 160.165836266043 160.165937641471 160.165937641471 160.165937641471 160.165836266043 160.165936289302 160.165935758624 160.165935612922 160.165947705524 160.166967849607
3.9766220735786 160.11025309703 160.110056776219 160.110158195441 160.11015819544 160.110158195441 160.110056776219 160.110157109567 160.110156683466 160.110156566482 160.110168694025 160.111190740225
3.99665551839465 160.054397062322 160.054199031246 160.054300492477 160.054300492477 160.054300492477 160.054199031246 160.054299677412 160.054299357612 160.054299269817 160.05431143208 160.055335423213
4.0166889632107 159.998466678078 159.998266913903 159.998368415288 159.998368415288 159.998368415288 159.998266913903 159.998367875569 159.998367663823 159.998367605692 159.998379802447 159.999405780653
4.03672240802676 159.942465710935 159.942264190566 159.942365730182 159.942365730183 159.942365730182 159.942264190566 159.942365470377 159.942365368453 159.942365340472 159.942377571482 159.943405578249
4.05675585284281 159.886397815248 159.886194515317 159.886296091177 159.886296091177 159.886296091177 159.886194515317 159.886296115879 159.88629612557 159.88629612823 159.886308393251 159.887338469439
4.07678929765886 159.830266537022 159.830061433886 159.830163043939 159.830163043939 159.830163043939 159.830061433886 159.830163357769 159.830163480888 159.830163514687 159.830175813469 159.831207999339
4.09682274247492 159.774075317712 159.773868387446 159.773970029575 159.773970029575 159.773970029575 159.773868387446 159.77397063718 159.773970875563 159.773970941007 159.773983273292 159.775017608516
4.11685618729097 159.717827497826 159.717618716212 159.717720388239 159.717720388239 159.717720388239 159.717618716212 159.717721294294 159.7177216498 159.717721747398 159.717734112924 159.718770636608
4.13688963210702 159.661526320397 159.661315662921 159.661417362607 159.661417362607 159.661417362607 159.661315662921 159.661418571812 159.66141904632 159.661419176595 159.661431575088 159.662470325795
4.15692307692308 159.60517493431 159.604962376152 159.605064101197 159.605064101197 159.605064101197 159.604962376151 159.605065618279 159.605066213691 159.605066377168 159.605078808352 159.606119824124
4.17695652173913 159.548776397494 159.548561913522 159.548663661569 159.548663661569 159.548663661569 159.548561913522 159.548665491278 159.54866620952 159.548666406734 159.548678870322 159.549722188702
4.19698996655518 159.492333680008 159.492117244768 159.492219013402 159.492219013402 159.492219013402 159.492117244769 159.492221160516 159.492222003534 159.492222235028 159.492234730727 159.49328038876
4.21702341137124 159.435849666944 159.435631254654 159.435733041401 159.435733041402 159.435733041401 159.435631254654 159.435735510722 159.435736480488 159.43573674681 159.435749274322 159.436797308589
4.23705685618729 159.379327161277 159.37910674582 159.379208548152 159.379208548152 159.379208548152 159.37910674582 159.379211344505 159.379212443014 159.379212744721 159.37922530374 159.38027575037
4.25709030100335 159.322768886569 159.322546441484 159.322648256817 159.322648256817 159.322648256817 159.322546441484 159.322651385054 159.32265261432 159.322652951979 159.32266554219 159.323718436875
4.2771237458194 159.266177489569 159.265952988042 159.266054813739 159.266054813739 159.266054813739 159.265952988042 159.266058278734 159.266059640801 159.266060014984 159.266072636067 159.267128014079
4.29715719063545 159.209555542727 159.209328957584 159.209430790953 159.209430790953 159.209430790953 159.209328957584 159.209434597605 159.209436094536 159.209436505825 159.209449157453 159.210507053659
4.31719063545151 159.152905546593 159.152676850292 159.15277868859 159.15277868859 159.152778688591 159.152676850292 159.152782841822 159.152784475705 159.152784924696 159.15279760653 159.153858055401
4.33722408026756 159.096229932125 159.095999096745 159.096100937179 159.096100937179 159.096100937179 159.095999096745 159.096105441933 159.096107214884 159.096107702157 159.096120413865 159.097183449511
4.35725752508361 159.039531062926 159.03929806016 159.039399899883 159.039399899884 159.039399899883 159.03929806016 159.03940476113 159.039406675283 159.039407201454 159.039419942683 159.040485598838
4.37729096989967 158.982811237378 158.982576038527 158.982677874643 158.982677874643 158.982677874643 158.982576038527 158.982683097371 158.982685154891 158.982685720572 158.982698490966 158.983766801019
4.39732441471572 158.926072690697 158.925835266655 158.925937096219 158.92593709622 158.925937096219 158.925835266655 158.925942685443 158.925944888516 158.92594549433 158.925958293526 158.927029290532
4.41735785953177 158.869317596925 158.869077918174 158.869179738192 158.869179738192 158.869179738192 158.869077918174 158.869185698946 158.869188049783 158.869188696362 158.86920152399 158.870275240677
4.43739130434783 158.812548070831 158.812306107427 158.812407914859 158.812407914859 158.812407914859 158.812306107428 158.812414252199 158.812416753038 158.812417441022 158.812430296705 158.813506765488
4.45742474916388 158.755766169736 158.75552189131 158.755623683065 158.755623683065 158.755623683065 158.75552189131 158.755630402069 158.755633055173 158.755633785209 158.755646668564 158.756725921566
4.47745819397993 158.698973895316 158.69872727105 158.698829043994 158.698829043994 158.698829043994 158.69872727105 158.69883614976 158.698838957419 158.698839730164 158.698852640799 158.69993470985
4.49749163879599 158.642173195275 158.641924193903 158.642025944852 158.642025944852 158.642025944852 158.641924193903 158.642033442501 158.642036407028 158.642037223151 158.642050160667 158.643135077319
4.51752508361204 158.585365965002 158.585114554792 158.58521628052 158.58521628052 158.58521628052 158.585114554792 158.585224175191 158.585227298929 158.585228159104 158.585241123096 158.586328918635
4.53755852842809 158.528554049143 158.528300197894 158.528401895129 158.528401895129 158.528401895129 158.528300197894 158.528410191982 158.528413477299 158.528414382211 158.528427372266 158.529518077727
4.55759197324415 158.471739243154 158.471482918179 158.471584583603 158.471584583603 158.471584583603 158.471482918179 158.471593287818 158.47159673711 158.471597687452 158.47161070315 158.472704349318
4.5776254180602 158.414923294743 158.41466446286 158.414766093114 158.414766093113 158.414766093114 158.414664462859 158.414775209889 158.414778825578 158.414779822055 158.414792862967 158.41588948039
4.59765886287626 158.358107905305 158.357846532827 158.357948124506 158.357948124506 158.357948124506 158.357846532827 158.357957659062 158.357961443595 158.357962486921 158.357975552612 158.359075171614
4.61769230769231 158.301294731281 158.301030784004 158.301132333662 158.301132333662 158.301132333662 158.301030784004 158.301142291235 158.30114624709 158.301147337988 158.301160428016 158.302263078708
4.63772575250836 158.244485385505 158.244218828696 158.244320332843 158.244320332843 158.244320332843 158.244218828696 158.24433071869 158.24433484837 158.244335987575 158.244349101488 158.245454813767
4.65775919732442 158.187681438448 158.187412236833 158.187513691939 158.187513691939 158.187513691939 158.187412236833 158.187524511334 158.187528817375 158.187530005626 158.187543142969 158.188651946533
4.67779264214047 158.130884419464 158.130612537216 158.130713939707 158.130713939708 158.130713939708 158.130612537215 158.130725197942 158.130729682904 158.130730920958 158.130744081263 158.131856005628
4.69782608695652 158.074095817991 158.073821218713 158.073922564978 158.073922564978 158.073922564978 158.073821218713 158.073934267362 158.073938933835 158.073940222453 158.073953405249 158.075068479742
4.71785953177258 158.017317084671 158.017039731393 158.017141017776 158.017141017776 158.017141017776 158.017039731393 158.017153169637 158.01715802024 158.017159360198 158.017172565002 158.018290818783
4.73789297658863 157.96054963249 157.960269487647 157.960370710455 157.960370710454 157.960370710455 157.960269487647 157.960383317137 157.960388354518 157.960389746599 157.960402972925 157.961524434981
4.75792642140468 157.903794837831 157.903511863252 157.90361301875 157.90361301875 157.90361301875 157.903511863252 157.903626085614 157.903631312452 157.903632757451 157.903646004802 157.904770703964
4.77795986622074 157.847054041509 157.846768198402 157.846869282817 157.846869282818 157.846869282817 157.846768198402 157.846882815241 157.846888234243 157.846889732966 157.846903000838 157.848030965794
4.79799331103679 157.790328549787 157.790039798729 157.790140808249 157.790140808249 157.790140808249 157.790039798729 157.790154811625 157.790160425527 157.790161978792 157.790175266672 157.79130652596
4.81802675585284 157.733619635331 157.733327936247 157.733428867022 157.733428867022 157.733428867021 157.733327936247 157.733443346758 157.733449158331 157.733450766965 157.733464074333 157.734598656356
4.8380602006689 157.676928538149 157.676633850303 157.676734698443 157.676734698442 157.676734698443 157.676633850304 157.676749659965 157.676755672005 157.676757336848 157.676770663176 157.677908596211
4.85809364548495 157.620256466497 157.619958748472 157.62005951005 157.62005951005 157.620059510049 157.619958748472 157.620074958794 157.620081174133 157.620082896035 157.620096240787 157.621237552991
4.878127090301 157.563604597756 157.563303807441 157.56340447849 157.563404478491 157.56340447849 157.563303807441 157.563420419912 157.563426841408 157.563428621233 157.563441983865 157.564586703277
4.89816053511706 157.506974079282 157.506670173853 157.506770750374 157.506770750374 157.506770750374 157.506670173853 157.506787189941 157.506793820489 157.506795659108 157.506809039067 157.507957193616
4.91819397993311 157.450366029211 157.450058965116 157.450159443069 157.450159443069 157.45015944307 157.450058965117 157.450176386262 157.450183228785 157.450185127087 157.450198523811 157.451350141333
4.93822742474916 157.393781537276 157.39347127022 157.39357164553 157.39357164553 157.39357164553 157.393471270219 157.393589097844 157.393596155299 157.393598114179 157.393611527101 157.394766635326
4.95826086956522 157.337221665558 157.336908150479 157.337008419033 157.337008419033 157.337008419034 157.336908150479 157.337026385977 157.337033661352 157.337035681722 157.337049110262 157.338207736838
4.97829431438127 157.280687449229 157.280370640287 157.280470797939 157.280470797939 157.280470797939 157.280370640287 157.280489285033 157.280496781349 157.280498864132 157.280512307704 157.281674480195
4.99832775919733 157.22417989729 157.223859747841 157.223959790407 157.223959790407 157.223959790407 157.223859747841 157.223978803185 157.223986523498 157.223988669628 157.224002127637 157.225167873528
5.01836120401338 157.167699993245 157.16737645583 157.167476379091 157.167476379091 157.16747637909 157.16737645583 157.167495923097 157.167503870495 157.167506080919 157.167519552763 157.168688899466
5.03839464882943 157.111248695792 157.110921722111 157.111021521812 157.111021521812 157.111021521812 157.110921722111 157.111041602604 157.111049780207 157.111052055888 157.111065540952 157.112238515821
5.05842809364549 157.054826939479 157.054496480372 157.054596152225 157.054596152225 157.054596152225 157.054496480372 157.05461677537 157.054625186337 157.054627528245 157.054641025911 157.055817656233
5.07846153846154 156.998435635327 156.998101640755 156.998201180435 156.998201180435 156.998201180435 156.998101640755 156.998222351512 156.99823099903 156.998233408155 156.998246917791 156.999427230805
5.09849498327759 156.942075671464 156.941738090485 156.941837493635 156.941837493635 156.941837493635 156.941738090484 156.941859218234 156.941868105529 156.941870582869 156.941884103836 156.943068126726
5.11852842809365 156.885747913693 156.885406694441 156.885505956668 156.885505956669 156.885505956668 156.88540669444 156.885528240389 156.885537370719 156.88553991729 156.885553448939 156.88674120885
5.1385618729097 156.829453206107 156.829108295767 156.829207412647 156.829207412647 156.829207412646 156.829108295768 156.829230261097 156.829239637758 156.829242254586 156.829255796261 156.830447320294
5.15859531772575 156.773192371612 156.772843716403 156.772942683474 156.772942683474 156.772942683474 156.772843716403 156.772966102272 156.772975728596 156.772978416721 156.772991967756 156.774187282983
5.17862876254181 156.716966212497 156.71661375764 156.716712570409 156.71671257041 156.71671257041 156.71661375764 156.716736565183 156.716746444533 156.716749205013 156.716762764732 156.717961898196
5.19866220735786 156.660775510956 156.660419200652 156.660517854594 156.660517854594 156.660517854594 156.660419200652 156.660542430977 156.66055256676 156.660555400662 156.66056896838 156.6617719471
5.21869565217391 156.604621029592 156.604260806997 156.604359297552 156.604359297552 156.604359297552 156.604260806997 156.604384461188 156.604394856841 156.604397765251 156.604411340273 156.605618191249
5.23872909698997 156.548503511922 156.548139319121 156.548237641697 156.548237641697 156.548237641697 156.548139319121 156.548263398237 156.548274057233 156.548277041253 156.548290622873 156.549501373091
5.25876254180602 156.492423682853 156.492055460829 156.492153610801 156.492153610801 156.492153610801 156.492055460828 156.492179965902 156.492190891758 156.492193952498 156.492207540005 156.493422216445
5.27879598662207 156.43638224916 156.43600993777 156.436107910482 156.436107910482 156.436107910482 156.43600993777 156.436134869808 156.436146066075 156.436149204664 156.436162797334 156.437381426966
5.29882943143813 156.380379899927 156.380003437871 156.380101228634 156.380101228634 156.380101228634 156.38000343787 156.380128797855 156.380140268122 156.380143485706 156.380157082804 156.381379692603
5.31886287625418 156.324417307003 156.324036631792 156.324134235885 156.324134235885 156.324134235885 156.324036631792 156.324162420678 156.324174168572 156.324177466309 156.324191067094 156.325417684034
5.33889632107023 156.268495125409 156.268110173337 156.268207586008 156.268207586008 156.268207586008 156.268110173337 156.268236392052 156.26824842124 156.268251800306 156.268265404024 156.269496055096
5.35892976588629 156.212613993784 156.212224699896 156.212321916361 156.212321916361 156.212321916361 156.212224699895 156.212351349342 156.212363663527 156.212367125114 156.212380731002 156.213615443204
5.37896321070234 156.156774534765 156.15638083282 156.156477848264 156.156477848264 156.156477848264 156.156380832821 156.156507913872 156.1565205168 156.156524062116 156.156537669398 156.157776469747
5.3989966555184 156.10097735539 156.100579177832 156.100675987409 156.100675987409 156.100675987409 156.100579177832 156.100706691338 156.100719586791 156.100723217059 156.100736824954 156.101979740486
5.41903010033445 156.04522304747 156.04482032539 156.044916924223 156.044916924223 156.044916924222 156.04482032539 156.044948272168 156.044961463972 156.044965180432 156.044978788144 156.046225845929
5.4390635451505 155.989512187983 155.989104851081 155.989201234261 155.989201234262 155.989201234261 155.989104851081 155.989233231923 155.98924672394 155.989250527852 155.989264134576 155.990515361708
5.45909698996656 155.933845339405 155.933433315955 155.933529478545 155.933529478546 155.933529478545 155.933433315955 155.933562131626 155.933575927761 155.933579820381 155.933593425315 155.934848848932
5.47913043478261 155.878223050084 155.877806266894 155.877902203926 155.877902203925 155.877902203926 155.877806266894 155.877935518127 155.877949622327 155.877953604977 155.877967207273 155.879226854536
5.49916387959866 155.822645854567 155.822224236939 155.822319943413 155.822319943413 155.822319943414 155.822224236939 155.822353924439 155.822368340691 155.822372414667 155.822386013497 155.823649911629
5.51919732441472 155.767114273944 155.766687745631 155.76678321652 155.766783216519 155.76678321652 155.766687745631 155.766817870075 155.766832602408 155.766836769037 155.766850363554 155.768118539816
5.53923076923077 155.711628816155 155.71119729932 155.711292529565 155.711292529565 155.711292529565 155.711197299319 155.711327861354 155.711342913839 155.711347174464 155.71136076381 155.712633245522
5.55926421404682 155.656189976324 155.655753391493 155.655848376006 155.655848376007 155.655848376006 155.655753391493 155.655884391734 155.655899768484 155.655904124471 155.655917707775 155.657194522305
5.57929765886288 155.600798237044 155.60035650306 155.600451236726 155.600451236726 155.600451236726 155.60035650306 155.600487942095 155.600503647268 155.600508099995 155.600521676378 155.601802851154
5.59933110367893 155.545454068686 155.545007102665 155.545101580336 155.545101580336 155.545101580336 155.545007102665 155.545138981048 155.545155018843 155.545159569712 155.54517313828 155.546458700797
5.61936454849498 155.490157929687 155.489705646963 155.489799863464 155.489799863463 155.489799863464 155.489705646963 155.489837965219 155.489854339878 155.489858990308 155.489872550158 155.491162527975
5.63939799331104 155.434910266826 155.434452580902 155.43454653103 155.43454653103 155.43454653103 155.434452580902 155.434585339522 155.434602055334 155.434606806764 155.434620356981 155.435914777732
5.65943143812709 155.379711515513 155.379248338008 155.37934201653 155.379342016531 155.379342016531 155.379248338008 155.379381537454 155.379398598748 155.379403452635 155.379416992293 155.380715883677
5.67946488294314 155.324562100021 155.324093340617 155.324186742272 155.324186742273 155.324186742273 155.324093340617 155.324226981316 155.324244392469 155.324249350292 155.32426287845 155.325566268262
5.6994983277592 155.269462433799 155.26898800018 155.269081119679 155.269081119679 155.269081119679 155.26898800018 155.269122082525 155.269139847959 155.269144911208 155.269158426923 155.270466343024
5.71953177257525 155.214412919677 155.21393271747 155.214025549496 155.214025549496 155.214025549496 155.21393271747 155.214067241823 155.214085366004 155.214090536215 155.214104038511 155.215416508852
5.73956521739131 155.15941395014 155.158927882855 155.159020422062 155.159020422062 155.159020422062 155.158927882854 155.159062849545 155.159081336984 155.159086615683 155.159100103594 155.160417156219
5.75959866220736 155.104465907555 155.10397387652 155.104066117538 155.104066117538 155.104066117538 155.10397387652 155.104109285841 155.104128141097 155.104133529844 155.104147002384 155.10546866543
5.77963210702341 155.049569164412 155.049071068709 155.049163006136 155.049163006137 155.049163006136 155.04907106871 155.049206920919 155.049226148595 155.049231648972 155.049245105141 155.050571406841
5.79966555183947 154.994724083549 154.994219819943 154.994311448353 154.994311448352 154.994311448353 154.994219819943 154.994356115266 154.994375720013 154.994381333623 154.99439477241 154.9957257411
5.81969899665552 154.939931018382 154.939420481253 154.939511795189 154.939511795189 154.939511795189 154.939420481252 154.939557219874 154.939577206391 154.939582934857 154.939596355238 154.940932019357
5.83973244147157 154.885190313109 154.88467339437 154.884764388353 154.884764388352 154.884764388352 154.88467339437 154.884810576443 154.884830949476 154.884836794443 154.884850195382 154.886190583476
5.85976588628763 154.830502302933 154.829978891956 154.830069560478 154.830069560478 154.830069560478 154.829978891957 154.830116517596 154.83013728194 154.830143245075 154.830156625523 154.831501766253
5.87979933110368 154.775867314258 154.775337297803 154.775427635329 154.775427635329 154.775427635329 154.775337297803 154.775475367087 154.775496527582 154.775502610578 154.775515969472 154.776865891615
5.89983277591973 154.721285664903 154.720748927026 154.720838927994 154.720838927994 154.720838927994 154.720748927026 154.720887439995 154.72090900153 154.720915206099 154.720928542366 154.722283274814
5.91986622073579 154.666757664288 154.666214086248 154.666303745073 154.666303745073 154.666303745072 154.666214086248 154.666353042903 154.666375010419 154.666381338298 154.666394650849 154.667754222625
5.93989966555184 154.612283613633 154.611733073814 154.611822384883 154.611822384882 154.611822384883 154.611733073814 154.611872474119 154.611894852604 154.611901305553 154.611914593287 154.613279033534
5.95993311036789 154.557863806136 154.557306179948 154.557395137621 154.557395137621 154.557395137621 154.557306179948 154.557446023825 154.557468818317 154.55747539812 154.557488659923 154.55885799792
5.97996655518395 154.503498527169 154.502933686947 154.503022285562 154.503022285563 154.503022285563 154.502933686947 154.50307397428 154.503097189869 154.503103898336 154.503117133078 154.504491398234
6 154.449188054442 154.448615869351 154.448704103218 154.448704103219 154.448704103218 154.448615869351 154.448756599984 154.448780241806 154.448787080768 154.44880028731 154.450179509173
