1.000000000000000021e-02 6.678330125576268685e-10 6.682613826554026620e-10 6.678412936734915220e-10 6.678405373205034690e-10 6.678330125915081864e-10 6.682613824656672818e-10 6.672606106600178100e-10 6.687208987950059042e-10 6.676886114819217868e-10 6.678140194429828952e-10
3.003344481605351585e-02 1.080789833714582149e-08 1.081206445668935270e-08 1.080788699910160272e-08 1.080790040124991747e-08 1.080789833345953410e-08 1.081206445934564803e-08 1.080774913883803326e-08 1.080861774149961818e-08 1.080807426824710593e-08 1.080796692518471575e-08
5.006688963210702975e-02 4.017081891216287004e-08 4.017869450318421742e-08 4.017083562904248673e-08 4.017080148404662820e-08 4.017081887399895357e-08 4.017869450318421742e-08 4.017154104501985401e-08 4.017123479281743681e-08 4.017088203831647997e-08 4.017098277869605993e-08
7.010033444816053672e-02 9.658120840496525750e-08 9.658807567387156512e-08 9.658122449756126326e-08 9.658122573788854859e-08 9.658120838067912883e-08 9.658807563440660604e-08 9.658109017054994361e-08 9.658220626301144973e-08 9.658119095017764222e-08 9.658124264190146024e-08
9.013377926421405062e-02 1.877717120818411800e-07 1.877733192337527335e-07 1.877717205958640001e-07 1.877717179556148697e-07 1.877717121607710982e-07 1.877733192996722256e-07 1.877721307608215540e-07 1.877720856059694743e-07 1.877718269933936757e-07 1.877718554940330242e-07
1.101672240802675645e-01 3.218324127543525925e-07 3.218344515453636090e-07 3.218324183661830373e-07 3.218324173982073377e-07 3.218324124212856852e-07 3.218344516216914419e-07 3.218318670242248380e-07 3.218326975317625793e-07 3.218322932041495221e-07 3.218323922256349778e-07
1.302006688963210923e-01 5.074543150754284859e-07 5.074859553144683844e-07 5.074543207861381688e-07 5.074543112243423693e-07 5.074543146764420865e-07 5.074859553699795356e-07 5.074542780043878043e-07 5.074546391356515862e-07 5.074542550401184293e-07 5.074543440626577695e-07
1.502341137123746062e-01 7.541138579911232931e-07 7.542454744935422895e-07 7.541138597119689813e-07 7.541138677714942506e-07 7.541138582513318145e-07 7.542454744519089260e-07 7.541136154663730107e-07 7.541138655094148380e-07 7.541136665713266130e-07 7.541137876238002136e-07
1.702675585284281201e-01 1.072243319986954102e-06 1.072608762191229470e-06 1.072243318890608865e-06 1.072243318717136518e-06 1.072243323449462160e-06 1.072608762552051953e-06 1.072243871316769237e-06 1.072244103575425989e-06 1.072244260748311806e-06 1.072243860859856124e-06
1.903010033444816340e-01 1.473400602448882157e-06 1.474224494396603191e-06 1.473400594663443197e-06 1.473400596446738930e-06 1.473400610206565542e-06 1.474224494785181250e-06 1.473402313781346784e-06 1.473402181768890262e-06 1.473403277212070872e-06 1.473401939143526018e-06
2.103344481605351479e-01 1.970452732806549090e-06 1.972083462649376617e-06 1.970452770699848699e-06 1.970452769020636374e-06 1.970452758917606850e-06 1.972083460984042080e-06 1.970455716066021878e-06 1.970458648699324744e-06 1.970459102745847346e-06 1.970456207013582262e-06
2.303678929765886618e-01 2.577777988441165569e-06 2.580727175419128550e-06 2.577778053056145602e-06 2.577778056997437339e-06 2.577778061146895894e-06 2.580727174419927827e-06 2.577784915372416386e-06 2.577790857299921967e-06 2.577792322280836324e-06 2.577785852955760681e-06
2.504013377926421757e-01 3.311487735649376596e-06 3.316477120915428678e-06 3.311487900711784782e-06 3.311487916130007036e-06 3.311487913201793809e-06 3.316477121470540190e-06 3.311502934713606017e-06 3.311513183446024300e-06 3.311517097648319918e-06 3.311503811775917683e-06
2.704347826086956896e-01 4.189694923259490444e-06 4.197711935244319292e-06 4.189695328574161159e-06 4.189695310269359041e-06 4.189695320205855111e-06 4.197711934592063265e-06 4.189722878591983779e-06 4.189743484067642854e-06 4.189750683503135065e-06 4.189725308134661930e-06
2.904682274247492035e-01 5.232799231064122480e-06 5.245162546740900211e-06 5.232800070892329458e-06 5.232800079246757718e-06 5.232800077858978938e-06 5.245162543743298045e-06 5.232850672637345824e-06 5.232887674760933194e-06 5.232901169910375572e-06 5.232854928149954787e-06
3.105016722408027174e-01 6.463823774227606123e-06 6.482260556689434239e-06 6.463825458713490235e-06 6.463825464902983597e-06 6.463825473285167433e-06 6.482260559659280830e-06 6.463911943949129935e-06 6.463976331250176344e-06 6.463999099204364995e-06 6.463919581867205721e-06
3.305351170568562313e-01 7.908829543629147807e-06 7.935566533723292793e-06 7.908832799330411945e-06 7.908832786146513527e-06 7.908832807601573478e-06 7.935566537276006471e-06 7.908978306492286947e-06 7.909082876011996888e-06 7.909121519961148650e-06 7.908989641758346067e-06
3.505685618729097452e-01 9.597354399037971717e-06 9.635225127369029252e-06 9.597360413809985502e-06 9.597360413005073809e-06 9.597360407703758867e-06 9.635225128701296882e-06 9.597596074162328961e-06 9.597764530855368292e-06 9.597825564616746519e-06 9.597613590678344409e-06
3.706020066889632592e-01 1.156295583071287325e-05 1.161552691442135909e-05 1.156296647458754379e-05 1.156296649201804527e-05 1.156296648313626108e-05 1.161552691564260442e-05 1.156333497048800396e-05 1.156359980164500811e-05 1.156369348492836124e-05 1.156336245877742641e-05
3.906354515050167731e-01 1.384383890140616913e-05 1.391555909363573207e-05 1.384385719466196818e-05 1.384385720754055527e-05 1.384385721664438407e-05 1.391555909069364105e-05 1.384442175400568686e-05 1.384482246480356338e-05 1.384496718137562254e-05 1.384446189456323140e-05
4.106688963210702870e-01 1.648360546602223309e-05 1.657998168980157061e-05 1.648363607564817812e-05 1.648363607592573388e-05 1.648363606460145903e-05 1.657998169257712817e-05 1.648447988744639048e-05 1.648507765095175159e-05 1.648529320413816279e-05 1.648453900698898522e-05
4.307023411371238009e-01 1.953210784699788150e-05 1.965991325086902108e-05 1.953215776229200173e-05 1.953215774136429772e-05 1.953215772171335018e-05 1.965991324798244122e-05 1.953339361171479993e-05 1.953426999357077420e-05 1.953458425307808000e-05 1.953347993882692535e-05
4.507357859531773148e-01 2.304649609563558244e-05 2.321401672850109676e-05 2.304657555546318903e-05 2.304657556956302145e-05 2.304657557156142289e-05 2.321401672661371762e-05 2.304835993549581019e-05 2.304961549642881025e-05 2.305006751596172521e-05 2.304847946826837912e-05
4.707692307692308287e-01 2.709243692933238634e-05 2.730976478015900710e-05 2.709256104949098187e-05 2.709256104871382576e-05 2.709256104926893727e-05 2.730976476905677686e-05 2.709509353204797577e-05 2.709687454571785281e-05 2.709751084573053248e-05 2.709526093691572157e-05
4.908026755852843426e-01 3.174558681162675811e-05 3.202496839593838018e-05 3.174577719233795392e-05 3.174577713971338255e-05 3.174577717002247113e-05 3.202496839038726506e-05 3.174932404836905420e-05 3.175180926662246605e-05 3.175269610988795677e-05 3.174955240858867711e-05
5.108361204013378565e-01 3.709334363177774208e-05 3.744959623441790342e-05 3.709363090897976889e-05 3.709363089865469476e-05 3.709363091408679480e-05 3.744959623441790342e-05 3.709854062305950606e-05 3.710196360429129925e-05 3.710318453520322635e-05 3.709884614422342963e-05
5.308695652173913704e-01 4.323695311425623800e-05 4.368796294074162034e-05 4.323738020761691558e-05 4.323738021450029834e-05 4.323738022016243576e-05 4.368796293185983615e-05 4.324409793132755198e-05 4.324876523431608888e-05 4.325042397446132725e-05 4.324450393344836385e-05
5.509030100334448843e-01 5.029406240175671172e-05 5.086138265431028316e-05 5.029468891815103149e-05 5.029468887862709181e-05 5.029468888873012133e-05 5.086138266585660261e-05 5.030378690462633529e-05 5.031008372025080888e-05 5.031231848173778332e-05 5.030432031760678768e-05
5.709364548494983982e-01 5.840180809313366694e-05 5.911137985892267466e-05 5.840271597246093904e-05 5.840271602886026869e-05 5.840271600154878229e-05 5.911137985492587177e-05 5.841492889890886886e-05 5.842334906458468424e-05 5.842632818486848123e-05 5.841562152264501151e-05
5.909698996655519121e-01 6.772059382065265254e-05 6.860361691574112797e-05 6.772189492809665978e-05 6.772189488701840787e-05 6.772189495607428000e-05 6.860361692351268914e-05 6.773815616156753094e-05 6.774931940034534250e-05 6.775326030172834635e-05 6.773904509982386912e-05
6.110033444816054260e-01 7.843869587031981894e-05 7.953268676130775816e-05 7.844054192607252673e-05 7.844054195871308366e-05 7.844054186945115248e-05 7.953268677729496972e-05 7.846203509997984327e-05 7.847672477234723942e-05 7.848189718040465834e-05 7.846316420700993888e-05
6.310367892976589399e-01 9.077796764911383320e-05 9.212804831570942099e-05 9.078056282518787157e-05 9.078056282185720249e-05 9.078056281408564132e-05 9.212804825287079780e-05 9.080878032419192891e-05 9.082798175463757673e-05 9.083472684601190394e-05 9.081020337475820270e-05
6.510702341137124538e-01 1.050008552649916993e-04 1.066613305782393439e-04 1.050044735135813312e-04 1.050044734536292879e-04 1.050044735553257169e-04 1.066613305487074115e-04 1.050413008030215423e-04 1.050662454282758063e-04 1.050749877757883866e-04 1.050430769899968197e-04
6.711036789297659677e-01 1.214191795992913825e-04 1.234554791977870991e-04 1.214241866243082058e-04 1.214241866251963842e-04 1.214241866067666820e-04 1.234554792424180647e-04 1.214719965121346945e-04 1.215042292508350386e-04 1.215154964200326759e-04 1.214741947643815934e-04
6.911371237458194816e-01 1.404051234978886953e-04 1.428962002567590872e-04 1.404120053021262748e-04 1.404120053072333008e-04 1.404120053931645629e-04 1.428962002125722108e-04 1.404737782597642592e-04 1.405152297406786488e-04 1.405296818985934948e-04 1.404764785335466115e-04
7.111705685618729955e-01 1.624050506356944368e-04 1.654463639733094737e-04 1.624144521605863645e-04 1.624144521330528335e-04 1.624144521485959558e-04 1.654463640234915545e-04 1.624939336410946567e-04 1.625470159165587347e-04 1.625654734875858765e-04 1.624972247351585963e-04
7.312040133779265094e-01 1.879571840959215479e-04 1.916644296304781392e-04 1.879699584064198348e-04 1.879699582167937422e-04 1.879699583322569367e-04 1.916644296469094400e-04 1.880718591444896504e-04 1.881395833165377951e-04 1.881630718418847437e-04 1.880758384835701236e-04
7.512374581939800233e-01 2.177139621641899225e-04 2.222277624110979843e-04 2.177312368432104961e-04 2.177312366073991257e-04 2.177312368147887867e-04 2.222277623973312188e-04 2.178614788914678968e-04 2.179476147263770258e-04 2.179774082802232726e-04 2.178662537879461070e-04
7.712709030100335372e-01 2.524711469495954930e-04 2.579629931176441460e-04 2.524944108603932591e-04 2.524944108750482030e-04 2.524944107356041911e-04 2.579629930923310610e-04 2.526604563946044379e-04 2.527697180862986670e-04 2.528074107606137488e-04 2.526661371460292571e-04
7.913043478260870511e-01 2.932054563364872024e-04 2.998852906386240136e-04 2.932366753571891138e-04 2.932366757320004069e-04 2.932366755694637561e-04 2.998852907096782872e-04 2.934479309986137707e-04 2.935862462210003798e-04 2.936338325278953221e-04 2.934546401838211693e-04
8.113377926421405650e-01 3.411239555468625895e-04 3.492499110198110657e-04 3.411657275371737796e-04 3.411657274989821076e-04 3.411657274816626284e-04 3.492499111197311379e-04 3.414341056600100899e-04 3.416089169112623836e-04 3.416689002744277559e-04 3.414419547556057921e-04
8.313712374581940789e-01 3.977294131165542979e-04 4.076204452023723945e-04 3.977851765619710989e-04 3.977851766130413580e-04 3.977851766263640343e-04 4.076204453560272611e-04 3.981257831680018455e-04 3.983465032995070487e-04 3.984220326964660330e-04 3.981348840227383334e-04
8.514046822742475928e-01 4.649076174274568984e-04 4.769600134579832229e-04 4.649819325104331824e-04 4.649819321977943787e-04 4.649819325024395766e-04 4.769600135707818822e-04 4.654140303683718116e-04 4.656925787012156093e-04 4.657876329234866830e-04 4.654244641724147868e-04
8.714381270903011067e-01 5.450453096393914620e-04 5.597544895614703364e-04 5.451442432224951062e-04 5.451442434125652881e-04 5.451442434782904911e-04 5.597544891235983755e-04 5.456924807454299753e-04 5.460440497646601443e-04 5.461636887860166212e-04 5.457042975782755434e-04
8.914715719063546207e-01 6.411912934938257536e-04 6.591808861893255767e-04 6.413229514814489107e-04 6.413229514317109192e-04 6.413229514841134460e-04 6.591808862905779165e-04 6.420190691303062636e-04 6.424631084582799190e-04 6.426137997941339108e-04 6.420322444764536840e-04
9.115050167224081346e-01 7.572786672778164530e-04 7.793397123689871364e-04 7.574539286752113298e-04 7.574539288697224038e-04 7.574539284398440486e-04 7.793397122988210413e-04 7.583390404812817565e-04 7.589006390098518295e-04 7.590906975654121425e-04 7.583534470487762746e-04
9.315384615384616485e-01 8.984367923501324071e-04 9.255812456769874075e-04 8.986703456033140469e-04 8.986703457409817020e-04 8.986703456521638600e-04 9.255812453723422095e-04 8.997981258813680938e-04 9.005098582912651750e-04 9.007500622910669108e-04 8.998134553213077425e-04
9.515719063545151624e-01 1.071432422786955385e-03 1.104967090262753970e-03 1.071744240478622601e-03 1.071744240961791661e-03 1.071744240440430929e-03 1.104967089909258959e-03 1.073185309683033495e-03 1.074089869609551329e-03 1.074394301866732349e-03 1.073200998936485462e-03
9.716053511705686763e-01 1.285305271627734669e-03 1.326935390659755853e-03 1.285722734383654142e-03 1.285722733950223073e-03 1.285722734047922700e-03 1.326935390926209379e-03 1.287570921522984690e-03 1.288724765162285735e-03 1.289112012148763142e-03 1.287585993701156895e-03
9.916387959866221902e-01 1.552294238674534199e-03 1.604270663854379109e-03 1.552855227611615874e-03 1.552855228682759048e-03 1.552855228416305522e-03 1.604270663770890337e-03 1.555236519743985468e-03 1.556715114260143196e-03 1.557209977368856357e-03 1.555249371792299939e-03
1.011672240802675704e+00 1.889208798177222093e-03 1.954540368615198531e-03 1.889966303400214542e-03 1.889966302551115973e-03 1.889966303414425397e-03 1.954540368721779942e-03 1.893051862031924770e-03 1.894957334842573005e-03 1.895593286386443310e-03 1.893059938700147882e-03
1.031705685618729218e+00 2.319486417274418955e-03 2.402251096656371487e-03 2.320515454973914871e-03 2.320515453165583608e-03 2.320515454771410191e-03 2.402251096793150964e-03 2.324540914814932080e-03 2.327013253497156597e-03 2.327836106079672618e-03 2.324540163682442540e-03
1.051739130434782732e+00 2.876317041332399072e-03 2.982124819055798071e-03 2.877725259686769732e-03 2.877725260228558568e-03 2.877725259242680522e-03 2.982124819318698883e-03 2.883019701931388568e-03 2.886253618139988930e-03 2.887326959664093806e-03 2.883003739453826597e-03
1.071772575250836246e+00 3.607425170459421793e-03 3.744116349755799433e-03 3.609369328104961028e-03 3.609369330181522173e-03 3.609369329449663155e-03 3.744116351469983783e-03 3.616399427899708030e-03 3.620669971528656106e-03 3.622083455111280159e-03 3.616358197787050699e-03
1.091806020066889760e+00 4.582380267120100825e-03 4.761089651733385608e-03 4.585092197771700739e-03 4.585092195480200417e-03 4.585092197316953389e-03 4.761089652333794220e-03 4.594530373175587101e-03 4.600232276224858197e-03 4.602114301292203891e-03 4.594447911141941177e-03
1.111839464882943274e+00 5.903545250330211047e-03 6.140326973245180397e-03 5.907373046639463610e-03 5.907373046969865982e-03 5.907373045577202220e-03 6.140326974854559694e-03 5.920202961217313486e-03 5.927911331312429866e-03 5.930448637066376705e-03 5.920053727862750748e-03
1.131872909698996787e+00 7.721417267315899835e-03 8.039684419852477504e-03 7.726890148852305629e-03 7.726890150802745438e-03 7.726890145836051715e-03 8.039684417678216732e-03 7.744568016825326140e-03 7.755130727538528390e-03 7.758598047058029579e-03 7.744310847691338040e-03
1.151906354515050301e+00 1.025209324043174774e-02 1.068606504613356378e-02 1.026001987773739188e-02 1.026001987416691463e-02 1.026001987692382045e-02 1.068606504279046021e-02 1.028470879002441052e-02 1.029937961355287257e-02 1.030418232736352024e-02 1.028427711499801944e-02
1.171939799331103815e+00 1.378232987163130474e-02 1.438106540287975577e-02 1.379393013743879237e-02 1.379393013315421967e-02 1.379393013733931639e-02 1.438106540031469649e-02 1.382879031989858731e-02 1.384939137773955053e-02 1.385611715010526268e-02 1.382807766135130123e-02
1.191973244147157329e+00 1.860963088319067538e-02 1.943879190066866158e-02 1.862664858978746452e-02 1.862664858354889930e-02 1.862664859514495674e-02 1.943879190283581693e-02 1.867601707490251783e-02 1.870503190392014403e-02 1.871447896719047321e-02 1.867486071905233302e-02
1.212006688963210843e+00 2.478352319216270416e-02 2.591539507029239076e-02 2.480810041726044801e-02 2.480810039673997380e-02 2.480810041767966823e-02 2.591539507916706953e-02 2.487696515360937610e-02 2.491721651435341300e-02 2.493028688480336541e-02 2.487514548968761119e-02
1.232040133779264357e+00 3.149502699911010950e-02 3.296861089977909387e-02 3.152883703142350669e-02 3.152883703956632644e-02 3.152883702952635758e-02 3.296861091461522619e-02 3.162038425957547361e-02 3.167360076063374663e-02 3.169083498753622052e-02 3.161768860704228246e-02
1.252073578595317871e+00 3.654227668312159949e-02 3.829296121064373892e-02 3.658466979645424999e-02 3.658466977006469278e-02 3.658466980546393188e-02 3.829296121834602218e-02 3.669564861468188610e-02 3.675980851529914162e-02 3.678053156693295023e-02 3.669204310448037631e-02
1.272107023411371385e+00 3.747923900661476182e-02 3.931687580465847986e-02 3.752614870995785168e-02 3.752614872229287357e-02 3.752614874926507582e-02 3.931687579802201071e-02 3.764493163973270384e-02 3.771322932233545089e-02 3.773523067505379913e-02 3.764070868507474188e-02
1.292140468227424899e+00 3.419582929694797713e-02 3.591081233676618467e-02 3.424192898637556937e-02 3.424192897884381637e-02 3.424192899058198236e-02 3.591081231905945970e-02 3.435488933504871056e-02 3.441948635716585159e-02 3.444024106381959882e-02 3.435052484242362425e-02
1.312173913043478413e+00 2.886364724371048851e-02 3.034347620715038829e-02 2.890549008965592748e-02 2.890549008094467354e-02 2.890549009111964551e-02 3.034347620770461162e-02 2.900474858797963407e-02 2.906120272889722855e-02 2.907929399064812515e-02 2.900060505763235597e-02
1.332207357859531927e+00 2.351451067892895708e-02 2.474630025664481536e-02 2.355110968576923369e-02 2.355110969087093054e-02 2.355110968716900288e-02 2.474630026543422900e-02 2.363519276515546608e-02 2.368275758828986000e-02 2.369796082049191455e-02 2.363141954571545966e-02
1.352240802675585440e+00 1.902412102999306853e-02 2.004184061632230396e-02 1.905586416273052919e-02 1.905586416665272509e-02 1.905586415884386042e-02 2.004184062638358910e-02 1.912652008934401238e-02 1.916627436707329935e-02 1.917894853485790918e-02 1.912312665648840948e-02
1.372274247491638954e+00 1.551063346831682566e-02 1.635761278039638000e-02 1.553833875900778594e-02 1.553833875327370606e-02 1.553833875463794811e-02 1.635761277764657962e-02 1.559810848793574678e-02 1.563155751075129274e-02 1.564219436653502271e-02 1.559504806058242821e-02
1.392307692307692468e+00 1.282189848483739070e-02 1.353626842978883360e-02 1.284638196536747046e-02 1.284638196770515606e-02 1.284638196393217413e-02 1.353626843398103574e-02 1.289759322882133574e-02 1.292609977667069643e-02 1.293514205844559228e-02 1.289480717828439538e-02
1.412341137123745982e+00 1.076484931641630283e-02 1.137652769837416145e-02 1.078679444800201281e-02 1.078679444916730290e-02 1.078679444914598662e-02 1.137652769637043093e-02 1.083131408167048448e-02 1.085596412410438916e-02 1.086376358150431543e-02 1.082874855194404518e-02
1.432374581939799496e+00 9.176190464835087823e-03 9.707743013564140711e-03 9.196135884423028983e-03 9.196135882135081374e-03 9.196135884316447573e-03 9.707743014025993489e-03 9.235393024802363016e-03 9.257014401271135284e-03 9.263838608262631169e-03 9.233003240098014430e-03
1.452408026755853010e+00 7.932889735666748265e-03 8.401179626265076195e-03 7.951251818216320544e-03 7.951251825474514590e-03 7.951251820482951871e-03 8.401179628403809829e-03 7.986326616190808636e-03 8.005542912496110830e-03 8.011593133431915703e-03 7.984076612988388888e-03
1.472441471571906524e+00 6.945815914981778860e-03 7.363495616832693713e-03 6.962916089822357435e-03 6.962916090152759807e-03 6.962916091254101048e-03 7.363495617596527154e-03 6.994626431701789215e-03 7.011908588342663506e-03 7.017336593488465724e-03 6.992487630085975070e-03
1.492474916387960038e+00 6.151015076643062685e-03 6.527672491788649722e-03 6.167103163946308086e-03 6.167103166109910717e-03 6.167103164390397296e-03 6.527672491060343418e-03 6.196073645266864105e-03 6.211780437272551580e-03 6.216701761221798961e-03 6.194023281558713734e-03
1.512508361204013552e+00 5.502436539877919586e-03 5.845427572534589444e-03 5.517708744886107297e-03 5.517708745585991892e-03 5.517708745166771678e-03 5.845427573806460941e-03 5.544421764973606059e-03 5.558829732507319932e-03 5.563333327224029290e-03 5.542441590900892834e-03
1.532541806020067066e+00 4.966604982968192417e-03 5.281647308375880812e-03 4.981217313620334153e-03 4.981217315666697232e-03 4.981217314185215628e-03 5.281647309242742949e-03 5.006050048333321456e-03 5.019374995246295157e-03 5.023530222995731265e-03 5.004125275185344890e-03
1.552575250836120579e+00 4.518889582271867766e-03 4.810485283019971803e-03 4.532967656171393855e-03 4.532967655148212316e-03 4.532967653837260968e-03 4.810485283279319901e-03 4.556218610801465729e-03 4.568631047366267239e-03 4.572492671144345877e-03 4.554337135118657898e-03
1.572608695652174093e+00 4.140928914569741437e-03 4.412667039773054967e-03 4.154575162250040421e-03 4.154575161368967429e-03 4.154575161418705420e-03 4.412667040153195330e-03 4.176483394026320184e-03 4.188119660245348541e-03 4.191731425123634835e-03 4.174635192406128681e-03
1.592642140468227607e+00 3.818854846187491603e-03 4.073630100602798620e-03 3.832153818457584293e-03 3.832153819466554978e-03 3.832153818340344742e-03 4.073630098520908405e-03 3.852912906388894498e-03 3.863883229968223532e-03 3.867280495413183417e-03 3.851089580500399734e-03
1.612675585284281121e+00 3.542058687585836196e-03 3.782231252721146575e-03 3.555081009487537358e-03 3.555081009249505541e-03 3.555081010055971547e-03 3.782231252362322493e-03 3.574849336917651499e-03 3.585243773915891552e-03 3.588455404621271327e-03 3.573043770281003617e-03
1.632709030100334635e+00 3.302326309146508265e-03 3.529840059972144672e-03 3.315131644207269801e-03 3.315131645621249845e-03 3.315131644480828754e-03 3.529840059851352407e-03 3.334040039320029791e-03 3.343932885659484100e-03 3.346982682145949184e-03 3.332246144090333928e-03
1.652742474916388149e+00 3.093224308422293234e-03 3.309695269464896228e-03 3.105863608805492504e-03 3.105863605824765727e-03 3.105863608880099491e-03 3.309695269351209390e-03 3.124021092443030057e-03 3.133474177122508308e-03 3.136381943853905341e-03 3.122233601644097689e-03
1.672775919732441663e+00 2.909660071416908522e-03 3.116443382875644375e-03 2.922177297090655657e-03 2.922177297968175935e-03 2.922177297122630080e-03 3.116443382861433520e-03 2.939675468734748165e-03 2.948740677531702659e-03 2.951523019653734536e-03 2.937889780746161250e-03
1.692809364548495177e+00 2.747561731514025496e-03 2.945802904090299990e-03 2.759995194054454259e-03 2.759995193716946460e-03 2.759995193848396866e-03 2.945802904420702362e-03 2.776911572084372892e-03 2.785632776241442343e-03 2.788303740295816624e-03 2.775123636968856999e-03
1.712842809364548691e+00 2.603642943764583606e-03 2.794317518585387461e-03 2.616026345830135824e-03 2.616026344611555032e-03 2.616026344988142682e-03 2.794317518020505986e-03 2.632427004268578230e-03 2.640841553727568680e-03 2.643413079493228679e-03 2.630633213314581553e-03
1.732876254180602205e+00 2.475228254763095492e-03 2.659172765543615924e-03 2.487591506870501235e-03 2.487591506842079525e-03 2.487591506653785700e-03 2.659172766939832400e-03 2.503533096568588689e-03 2.511672992014268857e-03 2.514155320731958909e-03 2.501730219901077135e-03
1.752909698996655719e+00 2.360121819116045572e-03 2.538058225852068972e-03 2.372491703802381835e-03 2.372491703400925189e-03 2.372491702971046834e-03 2.538058224835992860e-03 2.388023094539448721e-03 2.395915919620961176e-03 2.398317866767030182e-03 2.386208208605467007e-03
1.772943143812709232e+00 2.256507738511714933e-03 2.429062862482567198e-03 2.268908432917271512e-03 2.268908432593974567e-03 2.268908431819482985e-03 2.429062862859154848e-03 2.284071990242608763e-03 2.291741643020372976e-03 2.294070851977636494e-03 2.282242435011738735e-03
1.792976588628762746e+00 2.162873582694402330e-03 2.330594701593469154e-03 2.175327086515466135e-03 2.175327087272194149e-03 2.175327085421230322e-03 2.330594701671628854e-03 2.190159727057050532e-03 2.197627021082837473e-03 2.199890143401717069e-03 2.188313059555468953e-03
1.813010033444816260e+00 2.077951408939071598e-03 2.241318846735396164e-03 2.090477886806496599e-03 2.090477886358854676e-03 2.090477886333985680e-03 2.241318846365913942e-03 2.105011910860099533e-03 2.112295049929713286e-03 2.114497908820567318e-03 2.103145874858824982e-03
1.833043478260869774e+00 2.000671577903290199e-03 2.160108988746856085e-03 2.013289649319460750e-03 2.013289649465122011e-03 2.013289649326566177e-03 2.160108988938702623e-03 2.027553436438012113e-03 2.034668408747108970e-03 2.036816125681184531e-03 2.025665934372256061e-03
1.853076923076923288e+00 1.930126505040874463e-03 2.086009280443335001e-03 1.942853475519257245e-03 1.942853473877903525e-03 1.942853475913608463e-03 2.086009280201750471e-03 1.956872042171653447e-03 1.963832959706479642e-03 1.965930042942432010e-03 1.954961118357800842e-03
1.873110367892976802e+00 1.865541857281272087e-03 2.018204075600493752e-03 1.878393915088594213e-03 1.878393914591214298e-03 1.878393915358600452e-03 2.018204075444174350e-03 1.892189400322763504e-03 1.899008745521513220e-03 1.901059188440967773e-03 1.890253211019654600e-03
1.893143812709030316e+00 1.806253651519540426e-03 1.955993853634652169e-03 1.819246031722343560e-03 1.819246032493282428e-03 1.819246031882215675e-03 1.955993852913451292e-03 1.832838068121844799e-03 1.839526921948220206e-03 1.841534277438938716e-03 1.830874873672172498e-03
1.913177257525083830e+00 1.751689694962976773e-03 1.898775700826860202e-03 1.764836817883974618e-03 1.764836816938952779e-03 1.764836818917814298e-03 1.898775701224764134e-03 1.778242878362590318e-03 1.784811107434336463e-03 1.786778538125588511e-03 1.776251022899799636e-03
1.933210702341137344e+00 1.701354708671942717e-03 1.846027672893768568e-03 1.714670294042264231e-03 1.714670293651465727e-03 1.714670294624909275e-03 1.846027673362726773e-03 1.727905951252495242e-03 1.734362370626740812e-03 1.736292701103536729e-03 1.725883859631238693e-03
1.953244147157190858e+00 1.654818077419406563e-03 1.797295898310125040e-03 1.668315245144214032e-03 1.668315245961338178e-03 1.668315246284635123e-03 1.797295898697370831e-03 1.681394414237757928e-03 1.687746909830423192e-03 1.689642673071034551e-03 1.679340574696652766e-03
1.973277591973244371e+00 1.611703947872911158e-03 1.752184176442739272e-03 1.625395301182663843e-03 1.625395301616094912e-03 1.625395301459775510e-03 1.752184176041282626e-03 1.638330431493528749e-03 1.644586078011656127e-03 1.646449551341078177e-03 1.636243392191261137e-03
1.993311036789297885e+00 1.571682917631989085e-03 1.710345224822162891e-03 1.585580619948956382e-03 1.585580619657633861e-03 1.585580619721582707e-03 1.710345224324782976e-03 1.598382868088776831e-03 1.604548030229580036e-03 1.606381254287470028e-03 1.596261227948758687e-03
2.013344481605351177e+00 1.534465301187282193e-03 1.671473590352690053e-03 1.548581127696735393e-03 1.548581126854742251e-03 1.548581127256198897e-03 1.671473589997418685e-03 1.561260508342598996e-03 1.567340902553837623e-03 1.569145727557952341e-03 1.559102905414277984e-03
2.033377926421404691e+00 1.499795435428552537e-03 1.635299671612244765e-03 1.514140840257027776e-03 1.514140839670830019e-03 1.514140840658484422e-03 1.635299671569612201e-03 1.526706338779604266e-03 1.532707129360488807e-03 1.534485222652648417e-03 1.524511455329502496e-03
2.053411371237458205e+00 1.467446927641447019e-03 1.601584701241165476e-03 1.482033082542244529e-03 1.482033083682665620e-03 1.482033082908174038e-03 1.601584701443670156e-03 1.494492770302002782e-03 1.500418619951204846e-03 1.502171490916026642e-03 1.492259322819933232e-03
2.073444816053511719e+00 1.437218660928607505e-03 1.570116547380706606e-03 1.452056501459964011e-03 1.452056501488385720e-03 1.452056501136667066e-03 1.570116547270572482e-03 1.464417629478020899e-03 1.470272749326539952e-03 1.472001763911379157e-03 1.462144361529027492e-03
2.093478260869565233e+00 1.408931478508179680e-03 1.540706223941867847e-03 1.424031734323705223e-03 1.424031734128305970e-03 1.424031733755271034e-03 1.540706224307797356e-03 1.436300814720681274e-03 1.442089016212122488e-03 1.443795414434845270e-03 1.433986498700079437e-03
2.113511705685618747e+00 1.382425299958356391e-03 1.513184852925064661e-03 1.397798531058924709e-03 1.397798530575755649e-03 1.397798531293403812e-03 1.513184852985460793e-03 1.409981409970839650e-03 1.415706138345740328e-03 1.417391049674421311e-03 1.407624839135479533e-03
2.133545150501672261e+00 1.357556705805507136e-03 1.487401122375331397e-03 1.373213329010525285e-03 1.373213329237898961e-03 1.373213329319611375e-03 1.487401121764264644e-03 1.385315247866003574e-03 1.390979627917232619e-03 1.392644071334103728e-03 1.382915236519011160e-03
2.153578595317725775e+00 1.334196896603856430e-03 1.463219131380810722e-03 1.350147211820029725e-03 1.350147212431096477e-03 1.350147211699237459e-03 1.463219131508708415e-03 1.362172857671595239e-03 1.367779718531636490e-03 1.369424625362825054e-03 1.359728240029056678e-03
2.173612040133779288e+00 1.312229839879108795e-03 1.440516443544481717e-03 1.328484047757427788e-03 1.328484048016775887e-03 1.328484047739664220e-03 1.440516443466322016e-03 1.340437612100231490e-03 1.345989512607559391e-03 1.347615731415174878e-03 1.337947235146685898e-03
2.193645484949832802e+00 1.291550835322397006e-03 1.419182575883581876e-03 1.308119059487466984e-03 1.308119059377332860e-03 1.308119059384438287e-03 1.419182575478572517e-03 1.320004276323061276e-03 1.325503532040528398e-03 1.327111831642469042e-03 1.317467000486516326e-03
2.213678929765886316e+00 1.272065175648151580e-03 1.399117584838904804e-03 1.288957481435204500e-03 1.288957481435204500e-03 1.288957481332175803e-03 1.399117585460629698e-03 1.300777662610386187e-03 1.306226372228991295e-03 1.307817452964599170e-03 1.298192362654049248e-03
2.233712374581939830e+00 1.253686971878664735e-03 1.380230829575168627e-03 1.270913381269167530e-03 1.270913381290483812e-03 1.270913381478777637e-03 1.380230829894912858e-03 1.282671454880812689e-03 1.288071511659438784e-03 1.289646009368539126e-03 1.280037013351886799e-03
2.253745819397993344e+00 1.236338190683028415e-03 1.362439958821681785e-03 1.253908695598937584e-03 1.253908695044714250e-03 1.253908695613148438e-03 1.362439958814576357e-03 1.265607236188515117e-03 1.270960347532934520e-03 1.272518841975767145e-03 1.262922544402300673e-03
2.273779264214046858e+00 1.219947793973830130e-03 1.345670001047238884e-03 1.237872369475923051e-03 1.237872369685533158e-03 1.237872369298287367e-03 1.345670000777232644e-03 1.249513620571462980e-03 1.254821324703669916e-03 1.256364344282445700e-03 1.246777578746360859e-03
2.293812709030100372e+00 1.204450977944304668e-03 1.329852565525868613e-03 1.222739594325616963e-03 1.222739593977451023e-03 1.222739594183508416e-03 1.329852565387312779e-03 1.234325499844146634e-03 1.239589176734057219e-03 1.241117198915731024e-03 1.231537011591399278e-03
2.313846153846153886e+00 1.189788526328783291e-03 1.314925159078939032e-03 1.208451157125978170e-03 1.208451157591383662e-03 1.208451157435064260e-03 1.314925159036306468e-03 1.219983377588107487e-03 1.225204267733204233e-03 1.226717721127812410e-03 1.217141354054263047e-03
2.333879598662207400e+00 1.175906220392874957e-03 1.300830566471233851e-03 1.194952858469378043e-03 1.194952859062681227e-03 1.194952858771358706e-03 1.300830566396626864e-03 1.206432794244705065e-03 1.211611997998573997e-03 1.213111279213308080e-03 1.203536148064898725e-03
2.353913043478260914e+00 1.162754351639705419e-03 1.287516327899140833e-03 1.182195008581743423e-03 1.182195008876618658e-03 1.182195008386344171e-03 1.287516327707294295e-03 1.193623813488642327e-03 1.198762315596013650e-03 1.200247774779228394e-03 1.190671463387360518e-03
2.373946488294314427e+00 1.150287247082104614e-03 1.274934252766257714e-03 1.170131970365417828e-03 1.170131970379628683e-03 1.170131970557264367e-03 1.274934252464277051e-03 1.181510572923372138e-03 1.186609240626523842e-03 1.188081196183077282e-03 1.178501438364065734e-03
2.393979933110367941e+00 1.138462879744395195e-03 1.263039997510873036e-03 1.158721754041636132e-03 1.158721754361380363e-03 1.158721754599412179e-03 1.263039997798642844e-03 1.170050867880689793e-03 1.175110461463901856e-03 1.176569198282351181e-03 1.166983869644866445e-03
2.414013377926421455e+00 1.127242542136031034e-03 1.251792721905786721e-03 1.147925698401053296e-03 1.147925698070650924e-03 1.147925698024465646e-03 1.251792721486566506e-03 1.159205838767718433e-03 1.164227020659325262e-03 1.165672793412397823e-03 1.156079898159134700e-03
2.434046822742474969e+00 1.116590467166389544e-03 1.241154696391078005e-03 1.137708086922373241e-03 1.137708086606181723e-03 1.137708086808686403e-03 1.241154696444368710e-03 1.148939580829733131e-03 1.153922920693162268e-03 1.155355955265946477e-03 1.145753619766765041e-03
2.454080267558528483e+00 1.106473634227000957e-03 1.231091094606284742e-03 1.128035961190931857e-03 1.128035961489359806e-03 1.128035961738049764e-03 1.231091094314962220e-03 1.139218958829957273e-03 1.144164942271430618e-03 1.145585437377860671e-03 1.135971898779786216e-03
2.474113712374581997e+00 1.096861477286381614e-03 1.221569676694400641e-03 1.118878815983492814e-03 1.118878816008361810e-03 1.118878815834278839e-03 1.221569677010592159e-03 1.130013299565746365e-03 1.134922329182330714e-03 1.136330462049528478e-03 1.126704060926186912e-03
2.494147157190635511e+00 1.087725655366966748e-03 1.212560563416786863e-03 1.110208379792254618e-03 1.110208380126209704e-03 1.110208379838439896e-03 1.212560563690345816e-03 1.121294173767495295e-03 1.126166579879850360e-03 1.127562500339962526e-03 1.117921676261346420e-03
2.514180602006689025e+00 1.079039882668553219e-03 1.204036040487466153e-03 1.101998441537688223e-03 1.101998441320972688e-03 1.101998441399132389e-03 1.204036040068245939e-03 1.113035221383285034e-03 1.117871260074565498e-03 1.119255100498151023e-03 1.109598381599852246e-03
2.534214046822742539e+00 1.070779720134140689e-03 1.195970353066400094e-03 1.094224640155516681e-03 1.094224640119989544e-03 1.094224640198149245e-03 1.195970353155217936e-03 1.105211940554795547e-03 1.110011805106836391e-03 1.111383671499766024e-03 1.101709672838069309e-03
2.554247491638796053e+00 1.062922445747460642e-03 1.188339555060480279e-03 1.086864335974269125e-03 1.086864335725579167e-03 1.086864335622550470e-03 1.188339554950346155e-03 1.097801556980471105e-03 1.102565372733010918e-03 1.103925358787449795e-03 1.094232771773562263e-03
2.574280936454849567e+00 1.055446886553568220e-03 1.181121342614943615e-03 1.079896441414263109e-03 1.079896441929406592e-03 1.079896441250838279e-03 1.181121342668234320e-03 1.090782854969774007e-03 1.095510690312551105e-03 1.096858868283590027e-03 1.087146460037047291e-03
2.594314381270903080e+00 1.048333297983816692e-03 1.174294923679042313e-03 1.073301304241880416e-03 1.073301304931106870e-03 1.073301304042928450e-03 1.174294923650620603e-03 1.084136057016849009e-03 1.088827927645752425e-03 1.090164351321476488e-03 1.080430958349865023e-03
2.614347826086956594e+00 1.041563249408739011e-03 1.167840893355531762e-03 1.067060586581902726e-03 1.067060586436241465e-03 1.067060587054413645e-03 1.167840893327110052e-03 1.077842714686028103e-03 1.082498576042922878e-03 1.083823286716523171e-03 1.074067809806678042e-03
2.634381270903010108e+00 1.035119502887482668e-03 1.161741112511549545e-03 1.061157149226943375e-03 1.061157149205627093e-03 1.061157149681690726e-03 1.161741112330361148e-03 1.071885571029440598e-03 1.076505334921762369e-03 1.077818357327231524e-03 1.068039757832650594e-03
2.654414715719063622e+00 1.028985976958551873e-03 1.155978660936085589e-03 1.055575011758236315e-03 1.055575011871923152e-03 1.055575011871923152e-03 1.155978660889900311e-03 1.066248543747150279e-03 1.070832071096816662e-03 1.072133412584719281e-03 1.062330711683046047e-03
2.674448160535117136e+00 1.023147560083259577e-03 1.150537651067651268e-03 1.050299166465151757e-03 1.050299166251988936e-03 1.050299166777790560e-03 1.150537650879357443e-03 1.060916520291499410e-03 1.065463627746510156e-03 1.066753284089116960e-03 1.056925555793952753e-03
2.694481605351170650e+00 1.017590106275889639e-03 1.145403212841955565e-03 1.045315574621952237e-03 1.045315574987881746e-03 1.045315574693006511e-03 1.145403212845508278e-03 1.055875365079117500e-03 1.060385821730847056e-03 1.061663778770594035e-03 1.051810147256304617e-03
2.714515050167224164e+00 1.012300324447323874e-03 1.140561387494187784e-03 1.040611055106666072e-03 1.040611054630602439e-03 1.040611055071138935e-03 1.140561387270366822e-03 1.051111802578219567e-03 1.055585340949960482e-03 1.056851566993088909e-03 1.046971206228874962e-03
2.734548494983277678e+00 1.007265751518104935e-03 1.135999087789940631e-03 1.036173259468142760e-03 1.036173259215900089e-03 1.036173258995631841e-03 1.135999087892969328e-03 1.046613394208861791e-03 1.051049702677886444e-03 1.052304157948213970e-03 1.042396285946267653e-03
2.754581939799331192e+00 1.002474654480778327e-03 1.131704002382605267e-03 1.031990569202889674e-03 1.031990568804985742e-03 1.031990569352103648e-03 1.131704002521161101e-03 1.042368433839868658e-03 1.046767163582984494e-03 1.048009795976412306e-03 1.038073675456274714e-03
2.774615384615384706e+00 9.979159980879614977e-04 1.127664561309416058e-03 1.028052069759866072e-03 1.028052069493412546e-03 1.028052069585783102e-03 1.127664561000329968e-03 1.038365920727812863e-03 1.042726691206752321e-03 1.043957434205822210e-03 1.033992368139280416e-03
2.794648829431438219e+00 9.935793953452787264e-04 1.123869878608019235e-03 1.024347494656296931e-03 1.024347494272603853e-03 1.024347494471555819e-03 1.123869878728811500e-03 1.034595507874769282e-03 1.038917899034430548e-03 1.040136679105074791e-03 1.030142009188494967e-03
2.814682274247491733e+00 9.894550464544238366e-04 1.120309694201182538e-03 1.020867168236350153e-03 1.020867168513461820e-03 1.020867168453065688e-03 1.120309694066179418e-03 1.031047440992693964e-03 1.035331000515782307e-03 1.036537733838827080e-03 1.026512837299264902e-03
2.834715719063545247e+00 9.855337023090271487e-04 1.116974331473841175e-03 1.017601969707015996e-03 1.017601970076498219e-03 1.017601970229264907e-03 1.116974332013853655e-03 1.027712523580248671e-03 1.031956764656172254e-03 1.033151358019068766e-03 1.023095647795457808e-03
2.854749163879598761e+00 9.818066339271069864e-04 1.113854665462099547e-03 1.014543299504566676e-03 1.014543299501013962e-03 1.014543299739045779e-03 1.113854665597102667e-03 1.024582081171843129e-03 1.028786487982102926e-03 1.029968836085970452e-03 1.019881758992369214e-03
2.874782608695652275e+00 9.782655928667338685e-04 1.110942079783683312e-03 1.011683040079702778e-03 1.011683039852329102e-03 1.011683040189836902e-03 1.110942080206456239e-03 1.021647924456914325e-03 1.025811951130606303e-03 1.026981943955007637e-03 1.016862975827592663e-03
2.894816053511705789e+00 9.749027800225462670e-04 1.108228440571679130e-03 1.009013527777824493e-03 1.009013527625057804e-03 1.009013528122437720e-03 1.108228440532599279e-03 1.018902320829795372e-03 1.023025390111342858e-03 1.024182902540360374e-03 1.014031552898586597e-03
2.914849498327759303e+00 9.717108076756630908e-04 1.105706044008059052e-03 1.006527511901111893e-03 1.006527512050325868e-03 1.006527511794530483e-03 1.105706043858845078e-03 1.016337951785573068e-03 1.020419458527044299e-03 1.021564365743188318e-03 1.011380168460362938e-03
2.934882943143812817e+00 9.686826822061789244e-04 1.103367612138583809e-03 1.004218138206169897e-03 1.004218138756840517e-03 1.004218138220380752e-03 1.103367611811734150e-03 1.013947897813949339e-03 1.017987209806392457e-03 1.019119372081433994e-03 1.008901890617863728e-03
2.954916387959866331e+00 9.658117693014389715e-04 1.101206243014019037e-03 1.002078913977300090e-03 1.002078913415971329e-03 1.002078913550974448e-03 1.101206243099284166e-03 1.011725601198776303e-03 1.015722058763657287e-03 1.016841330169881985e-03 1.006590154197795073e-03
2.974949832775919845e+00 9.630917785301562617e-04 1.099215407336373573e-03 1.000103693979070840e-03 1.000103694021703404e-03 1.000103693929332849e-03 1.099215407098341757e-03 1.009664855864400579e-03 1.013617772841257647e-03 1.014724001809241827e-03 1.004438744306668241e-03
2.994983277591973359e+00 9.605167376456336115e-04 1.097388908629426396e-03 9.982866534841150497e-04 9.982866529334444294e-04 9.982866533455592162e-04 1.097388908640084537e-03 1.007759774427796629e-03 1.011668440963120474e-03 1.012761464199485317e-03 1.002441763588990398e-03
3.015016722408026872e+00 9.580809744242912984e-04 1.095720875959216301e-03 9.966222690849235732e-04 9.966222690032111586e-04 9.966222691453197058e-04 1.095720875621708501e-03 1.006004775472746360e-03 1.009868454470819188e-03 1.010948106475950681e-03 1.000593622176637609e-03
3.035050167224080386e+00 9.557790968166557377e-04 1.094205729266661820e-03 9.951053007881682788e-04 9.951053008379062703e-04 9.951053007668519967e-04 1.094205729291530815e-03 1.004394559810606324e-03 1.008212491651505616e-03 1.009278595336837725e-03 9.988890099599245787e-04
3.055083612040133900e+00 9.536059763988191662e-04 1.092838175853927396e-03 9.937307734197986520e-04 9.937307733096645279e-04 9.937307737608591651e-04 1.092838175747345986e-03 1.002924098528978902e-03 1.006695497743237411e-03 1.007747871859976385e-03 9.973228882884654922e-04
3.075117056856187414e+00 9.515567200431007677e-04 1.091613175585592899e-03 9.924939528360710028e-04 9.924939530883136740e-04 9.924939530705501056e-04 1.091613175315586659e-03 1.001588598171565536e-03 1.005312661337853797e-03 1.006351114195780383e-03 9.958904556235381733e-04
3.095150501672240928e+00 9.496266851307666457e-04 1.090525949010157092e-03 9.913903547591473853e-04 9.913903543576907396e-04 9.913903546419078339e-04 1.090525949255294336e-03 1.000383523837911071e-03 1.004059417397229481e-03 1.005083754602509316e-03 9.945871632268676876e-04
3.115183946488294442e+00 9.478114304926066325e-04 1.089571938976519050e-03 9.904156989435364267e-04 9.904156992952550809e-04 9.904156991105139696e-04 1.089571938702960097e-03 9.993045403291489492e-04 1.002931413850660647e-03 1.003941431982013910e-03 9.934086683571763388e-04
3.135217391304347956e+00 9.461067275715606684e-04 1.088746810683716149e-03 9.895659219409935758e-04 9.895659218379648792e-04 9.895659220582331272e-04 1.088746810534502174e-03 9.983475326791335647e-04 1.001924509811402686e-03 1.002920000825469060e-03 9.923508434823702373e-04
3.155250836120401470e+00 9.445085420090038042e-04 1.088046441942935871e-03 9.888371559583220005e-04 9.888371562674080906e-04 9.888371557416064661e-04 1.088046441697798628e-03 9.975085851685605576e-04 1.001034767870834230e-03 1.002015515943810442e-03 9.914097607897076614e-04
3.175284280936454984e+00 9.430130198246899909e-04 1.087466900472122688e-03 9.882257167674879383e-04 9.882257166147212502e-04 9.882257168420949256e-04 1.087466900091982325e-03 9.967839586586535461e-04 1.000258432778622364e-03 1.001224214014939662e-03 9.905816736264227984e-04
3.195317725752508498e+00 9.416164612439104076e-04 1.087004422483772714e-03 9.877280768151308621e-04 9.877280765699936183e-04 9.877280771419805205e-04 1.087004422824833227e-03 9.961700805476425558e-04 9.995919054652802060e-04 1.000542493358125284e-03 9.898629953397630743e-04
3.215351170568562011e+00 9.403153779388162548e-04 1.086655466703945194e-03 9.873409216361039853e-04 9.873409215224171476e-04 9.873409217782125324e-04 1.086655466551178506e-03 9.956635876449126954e-04 9.990318033530343200e-04 9.999669630289531597e-04 9.892503510720018767e-04
3.235384615384615525e+00 9.391063849513159312e-04 1.086416607545714896e-03 9.870610441033988991e-04 9.870610439755012067e-04 9.870610440394500529e-04 1.086416607257945088e-03 9.952612247907666188e-04 9.985748509251379801e-04 9.994943426079316851e-04 9.887404747104255875e-04
3.255418060200669039e+00 9.379862575933373137e-04 1.086284592236808066e-03 9.868853994881021663e-04 9.868853994206006064e-04 9.868853995449455851e-04 1.086284592197728216e-03 9.949599018455046462e-04 9.982179376777366997e-04 9.991215147415744013e-04 9.883302636168878053e-04
3.275451505016722553e+00 9.369518983426416980e-04 1.086256303135968437e-03 9.868110728845636004e-04 9.868110725825829377e-04 9.868110729520651603e-04 1.086256303040045168e-03 9.947566574197708178e-04 9.979580839178936458e-04 9.988454927771783787e-04 9.880167451754573449e-04
3.295484949832776067e+00 9.360003478207090666e-04 1.086328770529831900e-03 9.868352898152465968e-04 9.868352898045884558e-04 9.868352897015597591e-04 1.086328770607991601e-03 9.946486742791194047e-04 9.977924484871891764e-04 9.986634322629583949e-04 9.877970877951725015e-04
3.315518394648829581e+00 9.351287658283524706e-04 1.086499157970877150e-03 9.869553981722845037e-04 9.869553981722845037e-04 9.869553981936007858e-04 1.086499157874953880e-03 9.946332558818937741e-04 9.977183174072479233e-04 9.985726110137704836e-04 9.876685831464726562e-04
3.335551839464883095e+00 9.343344329266756176e-04 1.086764755147129335e-03 9.871688691980295971e-04 9.871688688178892335e-04 9.871688692157931655e-04 1.086764755289237883e-03 9.947078296299594058e-04 9.977330975488030163e-04 9.985704303225872991e-04 9.876286453476268434e-04
3.355585284280936609e+00 9.336147255822879742e-04 1.087122960370834335e-03 9.874732754298065629e-04 9.874732752557235926e-04 9.874732754830972681e-04 1.087122960395703331e-03 9.948699246358216897e-04 9.978343002927658745e-04 9.986543967102079478e-04 9.876747919399520015e-04
3.375618729096990123e+00 9.329671352382717942e-04 1.087571292810451951e-03 9.878663021964939617e-04 9.878663021716249659e-04 9.878663022462319532e-04 1.087571292515576715e-03 9.951171850985929268e-04 9.980195498826560652e-04 9.988221273893316265e-04 9.878046532101336652e-04
3.395652173913043637e+00 9.323892413597434370e-04 1.088107370470936530e-03 9.883457285049246366e-04 9.883457283486052347e-04 9.883457287074293163e-04 1.088107370431856680e-03 9.954473507320926728e-04 9.982865641902094467e-04 9.990713358725145099e-04 9.880159537125621227e-04
3.415685618729097150e+00 9.318787269592121447e-04 1.088728922702841828e-03 9.889094418333854719e-04 9.889094419648358780e-04 9.889094422810273954e-04 1.088728922905346508e-03 9.958582661511172773e-04 9.986331700844175430e-04 9.993998427191286282e-04 9.883065254676637323e-04
3.435719063545150664e+00 9.314333461176715900e-04 1.089433765905312157e-03 9.895554073899859304e-04 9.895554075107781955e-04 9.895554075320944776e-04 1.089433766086500555e-03 9.963478578640660999e-04 9.990572748748149934e-04 9.998055491990953669e-04 9.886742804461334799e-04
3.455752508361204178e+00 9.310509592275195700e-04 1.090219802662772963e-03 9.902816751008458596e-04 9.902816753495358171e-04 9.902816751754528468e-04 1.090219802510006275e-03 9.969141338004305908e-04 9.995568689191713929e-04 1.000286440024922285e-03 9.891172149067983810e-04
3.475785953177257692e+00 9.307294766962570520e-04 1.091085038858352618e-03 9.910863901083644123e-04 9.910863900728372755e-04 9.910863904174505024e-04 1.091085038950723174e-03 9.975552030496714906e-04 1.000130040566205025e-03 1.000840597637164819e-03 9.896334208114865305e-04
3.495819397993311206e+00 9.304669055580916393e-04 1.092027546935270266e-03 9.919677626903933287e-04 9.919677626726297603e-04 9.919677624772305080e-04 1.092027547258567211e-03 9.982692376375723597e-04 1.000774942987447957e-03 1.001466167785736161e-03 9.902210555878809828e-04
3.515852842809364720e+00 9.302613165900197600e-04 1.093045486683763556e-03 9.929240838069119945e-04 9.929240841017872299e-04 9.929240834978259045e-04 1.093045486470600736e-03 9.990544888829333559e-04 1.001489807471500626e-03 1.002161379282995313e-03 9.908783566210388472e-04
3.535886287625418234e+00 9.301108409900393781e-04 1.094137082805701766e-03 9.939537061889325287e-04 9.939537055636549212e-04 9.939537063807790673e-04 1.094137082802149052e-03 9.999092725152536332e-04 1.002272932126402338e-03 1.002924523060499951e-03 9.916036251027549042e-04
3.555919732441471748e+00 9.300136976833073277e-04 1.095300654416320185e-03 9.950550741173458391e-04 9.950550738437868858e-04 9.950550740747132750e-04 1.095300654299080634e-03 1.000831996783801969e-03 1.003122705771630763e-03 1.003753982026012181e-03 9.923952532275848171e-04
3.575953177257525262e+00 9.299681343755139551e-04 1.096534558772788159e-03 9.962266636414085497e-04 9.962266639931272039e-04 9.962266636591721181e-04 1.096534558442385787e-03 1.001821102367017602e-03 1.004037549186875822e-03 1.004648170280120212e-03 9.932516653208267599e-04
3.595986622073578776e+00 9.299724737346082293e-04 1.097837233416498748e-03 9.974670299719434752e-04 9.974670298653620648e-04 9.974670294567999917e-04 1.097837233245968491e-03 1.002875106394185423e-03 1.005015961748512154e-03 1.005605583181079510e-03 9.941713645744698624e-04
3.616020066889632290e+00 9.300250920496466733e-04 1.099207177070127273e-03 9.987747840760619056e-04 9.987747836639471188e-04 9.987747842181704527e-04 1.099207176984862144e-03 1.003992585836499529e-03 1.006056499853968944e-03 1.006624769900099636e-03 9.951529106650980339e-04
3.636053511705685803e+00 9.301244217070347986e-04 1.100642950664365571e-03 1.000148598130579103e-03 1.000148598254924082e-03 1.000148598269134936e-03 1.100642950685681853e-03 1.005172177002577882e-03 1.007157782684231506e-03 1.007704343475523956e-03 9.961949248804558010e-04
3.656086956521739317e+00 9.302689317038925765e-04 1.102143159833701702e-03 1.001587183523611202e-03 1.001587183637298040e-03 1.001587183708352313e-03 1.102143160043311809e-03 1.006412557732261348e-03 1.008318467206947844e-03 1.008842955794619911e-03 9.972960675952435849e-04
3.676120401337792831e+00 9.304571603010458603e-04 1.103706484645528008e-03 1.003089325127604070e-03 1.003089325127604070e-03 1.003089325152473066e-03 1.103706484819610978e-03 1.007712477356648151e-03 1.009537284481609731e-03 1.010039332406620360e-03 9.984550725832264106e-04
3.696153846153846345e+00 9.306876724970436499e-04 1.105331641348072935e-03 1.004653839789426684e-03 1.004653839235203350e-03 1.004653839661528991e-03 1.105331641387152786e-03 1.009070720400018217e-03 1.010812998249122074e-03 1.011292230014504412e-03 9.996707059407583529e-04
3.716187290969899859e+00 9.309590780866017212e-04 1.107017394026854618e-03 1.006279589354619475e-03 1.006279589585545864e-03 1.006279589670810992e-03 1.107017394051723613e-03 1.010486115728070899e-03 1.012144417991578393e-03 1.012600453091039299e-03 1.000941779938813170e-03
3.736220735785953373e+00 9.312700309074273264e-04 1.108762560669163122e-03 1.007965487882955813e-03 1.007965487747952693e-03 1.007965488206252758e-03 1.108762560591003421e-03 1.011957543322949959e-03 1.013530407494300789e-03 1.013962857253858374e-03 1.002267158565217642e-03
3.756254180602006887e+00 9.316192234400944017e-04 1.110566000985357960e-03 1.009710489199733274e-03 1.009710489789483745e-03 1.009710489352499962e-03 1.110566000750878857e-03 1.013483925376590378e-03 1.014969865344994560e-03 1.015378337740457937e-03 1.003645744805936602e-03
3.776287625418060401e+00 9.320053806227690529e-04 1.112426617641659732e-03 1.011513585911671953e-03 1.011513586000489795e-03 1.011513585947199090e-03 1.112426617886796976e-03 1.015064221395078903e-03 1.016461732703533016e-03 1.016845829497015075e-03 1.005076480968369879e-03
3.796321070234113915e+00 9.324272710493630711e-04 1.114343360196556887e-03 1.013373816487472823e-03 1.013373816512341818e-03 1.013373816519447246e-03 1.114343360299585584e-03 1.016697437727032138e-03 1.018004997753507723e-03 1.018364312514563608e-03 1.006558356078102179e-03
3.816354515050167429e+00 9.328836834541220924e-04 1.116315208975038331e-03 1.015290246478173231e-03 1.015290246353828252e-03 1.015290246424882525e-03 1.116315208768980938e-03 1.018382610425305757e-03 1.019598674783850356e-03 1.019932795838229822e-03 1.008090386598325949e-03
3.836387959866220942e+00 9.333734545542426986e-04 1.118341192896110670e-03 1.017261990579498843e-03 1.017261990813977945e-03 1.017261990625684120e-03 1.118341193123484345e-03 1.020118822456339558e-03 1.021241827743324393e-03 1.021550336254506419e-03 1.009671637213216400e-03
3.856421404682274456e+00 9.338954341160388140e-04 1.120420365364083182e-03 1.019288183901068123e-03 1.019288183879751841e-03 1.019288183933042546e-03 1.120420365211316494e-03 1.021905177676529775e-03 1.022933539310599826e-03 1.023216012608685332e-03 1.011301193290847777e-03
3.876454849498327970e+00 9.344485107511957267e-04 1.122551823570461238e-03 1.021368002877665049e-03 1.021368002859901480e-03 1.021368002909639472e-03 1.122551823559803097e-03 1.023740823086427554e-03 1.024672937084858404e-03 1.024928943795799796e-03 1.012978182565404950e-03
3.896488294314381484e+00 9.350315993401636661e-04 1.124734697150131524e-03 1.023500656664566577e-03 1.023500656959441812e-03 1.023500656941678244e-03 1.124734697288687357e-03 1.025624936914937280e-03 1.026459179978900238e-03 1.026688281719145834e-03 1.014701764393777239e-03
3.916521739130434998e+00 9.356436347580654456e-04 1.126968143186246607e-03 1.025685378763796507e-03 1.025685379001828323e-03 1.025685378980512041e-03 1.126968143569939684e-03 1.027556724000788790e-03 1.028291450278828734e-03 1.028493204742630951e-03 1.016471123431728074e-03
3.936555183946488512e+00 9.362835849380246600e-04 1.129251358261029736e-03 1.027921440080348248e-03 1.027921440620360727e-03 1.027921440329038205e-03 1.129251358470639843e-03 1.029535424454053327e-03 1.030168968682687591e-03 1.030342926018334992e-03 1.018285480554936839e-03
3.956588628762542026e+00 9.369504362659597518e-04 1.131583564063731728e-03 1.030208135880172904e-03 1.030208136217680703e-03 1.030208136075572156e-03 1.131583563925175895e-03 1.031560305523981924e-03 1.032090982985067740e-03 1.032236684668674798e-03 1.020144083170748672e-03
3.976622073578595540e+00 9.376431946748198243e-04 1.133964006438503702e-03 1.032544784511202351e-03 1.032544784777655877e-03 1.032544784578703911e-03 1.133964006232446309e-03 1.033630657779838202e-03 1.034056759618096066e-03 1.034173743519772870e-03 1.022046200084503198e-03
3.996655518394649054e+00 9.383608910340512921e-04 1.136391966241490081e-03 1.034930735741568242e-03 1.034930735681172109e-03 1.034930735855255080e-03 1.136391966191752090e-03 1.035745801011955791e-03 1.036065600434454836e-03 1.036153395503447427e-03 1.023991132218071698e-03
4.016688963210702568e+00 9.391025748755055247e-04 1.138866749514022558e-03 1.037365365196052380e-03 1.037365365061049260e-03 1.037365365029074837e-03 1.138866749364808584e-03 1.037905083443035892e-03 1.038116830258672962e-03 1.038174960623194920e-03 1.025978205845490265e-03
4.036722408026756526e+00 9.398673140701419015e-04 1.141387682753958188e-03 1.039848066902493429e-03 1.039848066277215821e-03 1.039848066813675587e-03 1.141387682746852761e-03 1.040107872025686220e-03 1.040209796119739849e-03 1.040237776592789487e-03 1.028006767288758283e-03
4.056755852842809595e+00 9.406541912682087059e-04 1.143954122710511001e-03 1.042378262255283516e-03 1.042378262471999051e-03 1.042378262276599798e-03 1.143954122543533458e-03 1.042353560958275693e-03 1.042343869972484072e-03 1.042341209451791428e-03 1.030076188666129156e-03
4.076789297658862665e+00 9.414623170549418774e-04 1.146565453396419798e-03 1.044955400384850464e-03 1.044955400491431874e-03 1.044955400374192322e-03 1.146565453115755417e-03 1.044641570913995565e-03 1.044518451561060601e-03 1.044484652926058743e-03 1.032185870403878880e-03
4.096822742474916623e+00 9.422908042573396870e-04 1.149221069979944332e-03 1.047578941815174858e-03 1.047578941150817400e-03 1.047578941886229131e-03 1.149221070132711020e-03 1.046971336329249880e-03 1.046732953209783545e-03 1.046667509765342174e-03 1.034335223977222995e-03
4.116856187290970581e+00 9.431387826097648031e-04 1.151920395951577802e-03 1.050248369583783870e-03 1.050248369633521861e-03 1.050248369683259853e-03 1.151920396171846050e-03 1.049342314168200119e-03 1.048986808772411905e-03 1.048889210103709502e-03 1.036523684152967917e-03
4.136889632107023651e+00 9.440053975175999312e-04 1.154662873783962596e-03 1.052963187689215374e-03 1.052963187813560353e-03 1.052963187735400652e-03 1.154662874107259540e-03 1.051753982757475114e-03 1.051279475444033551e-03 1.051149200367973435e-03 1.038750706648272626e-03
4.156923076923076721e+00 9.448898141997119637e-04 1.157447972236269607e-03 1.055722926444957466e-03 1.055722926569302444e-03 1.055722926523117167e-03 1.157447972481406850e-03 1.054205845367306438e-03 1.053610432684592979e-03 1.053446956269965540e-03 1.041015772194953115e-03
4.176956521739130679e+00 9.457912076307195548e-04 1.160275179916681054e-03 1.058527132457243169e-03 1.058527132858699815e-03 1.058527132869357956e-03 1.160275180055236888e-03 1.056697423749142217e-03 1.055979182112309900e-03 1.055781967689739531e-03 1.043318379849722533e-03
4.196989966555184637e+00 9.467087514103411650e-04 1.163143991195880744e-03 1.061375357846117140e-03 1.061375357910065986e-03 1.061375357757299298e-03 1.163143990712711684e-03 1.059228243889265286e-03 1.058385225935154494e-03 1.058153731655409047e-03 1.045658032222007705e-03
4.217023411371237707e+00 9.476416455882485934e-04 1.166053935467203928e-03 1.064267188159107036e-03 1.064267187878442655e-03 1.064267188382927998e-03 1.166053935243382966e-03 1.061797867578206933e-03 1.060828101945077151e-03 1.060561779272717331e-03 1.048034267412845111e-03
4.237056856187290776e+00 9.485890924452178297e-04 1.169004549655738856e-03 1.067202217686968879e-03 1.067202217342355652e-03 1.067202217416962640e-03 1.169004549407048899e-03 1.064405864642736788e-03 1.063307356016451877e-03 1.063005648390458191e-03 1.050446629918155850e-03
4.257090301003344734e+00 9.495503056449194901e-04 1.171995390237157153e-03 1.070180057514136251e-03 1.070180057524794393e-03 1.070180057759273495e-03 1.171995390290447858e-03 1.067051820903941461e-03 1.065822554952688961e-03 1.065484895502066820e-03 1.052894684338667730e-03
4.277123745819398692e+00 9.505245094025838171e-04 1.175026036463577839e-03 1.073200339746449572e-03 1.073200339561708461e-03 1.073200339487101473e-03 1.175026036353443715e-03 1.069735344859878978e-03 1.068373277853140735e-03 1.067999094750859967e-03 1.055378011372454239e-03
4.297157190635451762e+00 9.515109326336812501e-04 1.178096075168610923e-03 1.076262705829833521e-03 1.076262706586561535e-03 1.076262706050101770e-03 1.178096075374668317e-03 1.072456053723414016e-03 1.070959123484982456e-03 1.070547833890600486e-03 1.057896206294373087e-03
4.317190635451504832e+00 9.525088080017951597e-04 1.181205109542560194e-03 1.079366811033821705e-03 1.079366810948556576e-03 1.079366810685655764e-03 1.181205109158867117e-03 1.075213579788680818e-03 1.073579696015514173e-03 1.073130705641744953e-03 1.060448871914587698e-03
4.337224080267558790e+00 9.535173854224865408e-04 1.184352765694285381e-03 1.082512332249763176e-03 1.082512332125418197e-03 1.082512332136076338e-03 1.184352765726259804e-03 1.078007577479667134e-03 1.076234626886218848e-03 1.075747354189360294e-03 1.063035645660903583e-03
4.357257525083612748e+00 9.545359126832408947e-04 1.187538677726251990e-03 1.085698955094471785e-03 1.085698954565117447e-03 1.085698954845781827e-03 1.187538677740462845e-03 1.080837708670401298e-03 1.078923554779009919e-03 1.078397384222995470e-03 1.065656155653016413e-03
4.377290969899665818e+00 9.555636416074264616e-04 1.190762492008445861e-03 1.088926376567656007e-03 1.088926376716869981e-03 1.088926376535681584e-03 1.190762492029762143e-03 1.083703647797307212e-03 1.081646128028523890e-03 1.081080446976301346e-03 1.068310053401688720e-03
4.397324414715718888e+00 9.565998347866866425e-04 1.194023876845307086e-03 1.092194312317218419e-03 1.092194311851812927e-03 1.092194312402483547e-03 1.194023876749383817e-03 1.086605088239878114e-03 1.084402015568031175e-03 1.083796201740483411e-03 1.070997005818696834e-03
4.417357859531772846e+00 9.576437519527303266e-04 1.197322503351472278e-03 1.095502485107147095e-03 1.095502484901089701e-03 1.095502484893984274e-03 1.197322503273312577e-03 1.089541730998178082e-03 1.087190893912293177e-03 1.086544315317183873e-03 1.073716687205461540e-03
4.437391304347826804e+00 9.586946572781585019e-04 1.200658060568571273e-03 1.098850628732606083e-03 1.098850628629577386e-03 1.098850628757475079e-03 1.200658060291459606e-03 1.092513288970309304e-03 1.090012450116972786e-03 1.089324466192920227e-03 1.076468783328010659e-03
4.457424749163879873e+00 9.597518299706564449e-04 1.204030256491961381e-03 1.102238500937602339e-03 1.102238500735097659e-03 1.102238501108132596e-03 1.204030256431565249e-03 1.095519496665531278e-03 1.092866392855995628e-03 1.092136357126349822e-03 1.079253002149727081e-03
4.477458193979932943e+00 9.608145340962437331e-04 1.207438799912807781e-03 1.105665856663051727e-03 1.105665856471205188e-03 1.105665856400150915e-03 1.207438800136628743e-03 1.098560090028399827e-03 1.095752431449881215e-03 1.094979686030228549e-03 1.082069050841738544e-03
4.497491638795986901e+00 9.618820442014452965e-04 1.210883416437269489e-03 1.109132467057349913e-03 1.109132467195905747e-03 1.109132466869056088e-03 1.210883416259633805e-03 1.101634818311936215e-03 1.098670290851089248e-03 1.097854168289558174e-03 1.084916651794998188e-03
4.517525083612040859e+00 9.629536329782695248e-04 1.214363842329646559e-03 1.112638114300068537e-03 1.112638114197039840e-03 1.112638114353359242e-03 1.214363842631627222e-03 1.104743443885780607e-03 1.101619705682566064e-03 1.100759530395123420e-03 1.087795538371238990e-03
4.537558528428093929e+00 9.640285843843798830e-04 1.217879833166790604e-03 1.116182598210002652e-03 1.116182598643433721e-03 1.116182598455139896e-03 1.217879833454560412e-03 1.107885745479819661e-03 1.104600428348589958e-03 1.103695516267322319e-03 1.090705461471941362e-03
4.557591973244146999e+00 9.651061634912139198e-04 1.221431138823447782e-03 1.119765714200582352e-03 1.119765714513221155e-03 1.119765714225451347e-03 1.221431138837658636e-03 1.111061499802445951e-03 1.107612207420061168e-03 1.106661865311053816e-03 1.093646167646511458e-03
4.577625418060200957e+00 9.661856471296914606e-04 1.225017530479988181e-03 1.123387276294351977e-03 1.123387276525278367e-03 1.123387276173559712e-03 1.225017530710914571e-03 1.114270500558234289e-03 1.110654812386258072e-03 1.109658335071372903e-03 1.096617423062440366e-03
4.597658862876254915e+00 9.672663094697497854e-04 1.228638787324598525e-03 1.127047108091971950e-03 1.127047107964074257e-03 1.127047108155920796e-03 1.228638787530655918e-03 1.117512552482935462e-03 1.113728019387139057e-03 1.112684692749610349e-03 1.099619001848850530e-03
4.617692307692307985e+00 9.683474272641490188e-04 1.232294703878977771e-03 1.130745046232561890e-03 1.130745046090453343e-03 1.130745046161507616e-03 1.232294703974901040e-03 1.120787473112727639e-03 1.116831618666935810e-03 1.115740719935587322e-03 1.102650692409667954e-03
4.637725752508361055e+00 9.694282621133254452e-04 1.235985071005529790e-03 1.134480923795422314e-03 1.134480923571601352e-03 1.134480923518310647e-03 1.235985071055267781e-03 1.124095077027931211e-03 1.119965396476629849e-03 1.118826192062272185e-03 1.105712278473447441e-03
4.657759197324415013e+00 9.705080843929181356e-04 1.239709699540014753e-03 1.138254593868737174e-03 1.138254593730181341e-03 1.138254593584520080e-03 1.239709699824231848e-03 1.127435199304471780e-03 1.123129158159485996e-03 1.121940906418927852e-03 1.108803564029869904e-03
4.677792642140468971e+00 9.715861637928924210e-04 1.243468412639003873e-03 1.142065920877399776e-03 1.142065920546997404e-03 1.142065920763712938e-03 1.243468412972958959e-03 1.130807686688939384e-03 1.126322723976613815e-03 1.125084670480447357e-03 1.111924365336136589e-03
4.697826086956522040e+00 9.726617516534474817e-04 1.247261029313051495e-03 1.145914764482114379e-03 1.145914764336453118e-03 1.145914764457245383e-03 1.247261029458712756e-03 1.134212380211607751e-03 1.129545907513573866e-03 1.128257289607859093e-03 1.115074493526435617e-03
4.717859531772575110e+00 9.737341118523090699e-04 1.251087389693594787e-03 1.149801006558703875e-03 1.149801006739892273e-03 1.149801006572914730e-03 1.251087389604776945e-03 1.137649145491081981e-03 1.132798543018509463e-03 1.131458584914923904e-03 1.118253780120426200e-03
4.737892976588629068e+00 9.748024906777175147e-04 1.254947333723777092e-03 1.153724526350430324e-03 1.153724526453459021e-03 1.153724526137267503e-03 1.254947333919176344e-03 1.141117843605599091e-03 1.136080462501354305e-03 1.134688381757342768e-03 1.121462055674982139e-03
4.757926421404683026e+00 9.758661326131345959e-04 1.258840712189623900e-03 1.157685214042913913e-03 1.157685213868830942e-03 1.157685213854620088e-03 1.258840712182518473e-03 1.144618349670167845e-03 1.139391511454590500e-03 1.137946512503873464e-03 1.124699161703546224e-03
4.777959866220736096e+00 9.769242844406278437e-04 1.262767391274621787e-03 1.161682976100308906e-03 1.161682975990174782e-03 1.161682976068334483e-03 1.262767391352781488e-03 1.148150552261029134e-03 1.142731550736186819e-03 1.141232827144733619e-03 1.127964955944804615e-03
4.797993311036789166e+00 9.779761732069403024e-04 1.266727230806452553e-03 1.165717711156588621e-03 1.165717710915004091e-03 1.165717710954083941e-03 1.266727230774478130e-03 1.151714334994835554e-03 1.146100432467989094e-03 1.144547167470477689e-03 1.131259287806329894e-03
4.818026755852843124e+00 9.790210254614351015e-04 1.270720108912826163e-03 1.169789334667825642e-03 1.169789334493742672e-03 1.169789334927173741e-03 1.270720108895062594e-03 1.155309597926645893e-03 1.149498025238671062e-03 1.147889391436507367e-03 1.134582023222918679e-03
4.838060200668897082e+00 9.800580614331977358e-04 1.274745907061003436e-03 1.173897767817067006e-03 1.173897768047993395e-03 1.173897767980491835e-03 1.274745906950869312e-03 1.158936245950314969e-03 1.152924205683802938e-03 1.151259363012968606e-03 1.137933034556226630e-03
4.858093645484950152e+00 9.810864935353436067e-04 1.278804518484832897e-03 1.178042941148760292e-03 1.178042941042178882e-03 1.178042941393897536e-03 1.278804518339171636e-03 1.162594196188138085e-03 1.156378857700701701e-03 1.154656955399957496e-03 1.141312203237987433e-03
4.878127090301003221e+00 9.821055208405482517e-04 1.282895836059338990e-03 1.182224786258956328e-03 1.182224785932106670e-03 1.182224786280272610e-03 1.282895835853281596e-03 1.166283364668174727e-03 1.159861868245570804e-03 1.158082043552610685e-03 1.144719411939831843e-03
4.898160535117057179e+00 9.831143346410442518e-04 1.287019763687169416e-03 1.186443242421120203e-03 1.186443242751522575e-03 1.186443242470858195e-03 1.287019763854146959e-03 1.170003675415642874e-03 1.163373127418765307e-03 1.161534508430150936e-03 1.148154549277080605e-03
4.918193979933111137e+00 9.841121219835713418e-04 1.291176216138723021e-03 1.190698263187073280e-03 1.190698263339839968e-03 1.190698263027201165e-03 1.291176215854505926e-03 1.173755070428939007e-03 1.166912547734710870e-03 1.165014245806617055e-03 1.151617521376380182e-03
4.938227424749164207e+00 9.850980502790207538e-04 1.295365106866341876e-03 1.194989796776013691e-03 1.194989796527323733e-03 1.194989796772460977e-03 1.295365107072399269e-03 1.177537482440982330e-03 1.170480027482767582e-03 1.168521146961865043e-03 1.155108225685097523e-03
4.958260869565217277e+00 9.860712807068239272e-04 1.299586359856164108e-03 1.199317805188115926e-03 1.199317805102850798e-03 1.199317804946531396e-03 1.299586359976956373e-03 1.181350861951813158e-03 1.174075486730430384e-03 1.172055116228420957e-03 1.158626576312826728e-03
4.978294314381271235e+00 9.870309656889730832e-04 1.303839908040060891e-03 1.203682256402771600e-03 1.203682256079474655e-03 1.203682256225135916e-03 1.303839908267434566e-03 1.185195162548779990e-03 1.177698846205998962e-03 1.175616062823792163e-03 1.162172490815294168e-03
4.998327759197325193e+00 9.879762377558165554e-04 1.308125686779959551e-03 1.208083120477709826e-03 1.208083120900482754e-03 1.208083120321390425e-03 1.308125686797723120e-03 1.189070343226461546e-03 1.181350030226013814e-03 1.179203900015579620e-03 1.165745890538971707e-03
5.018361204013378263e+00 9.889062215719945925e-04 1.312443636432902849e-03 1.212520375535319772e-03 1.212520375645453896e-03 1.212520375780457016e-03 1.312443636365401289e-03 1.192976369672749115e-03 1.185028971491419725e-03 1.182818547430741773e-03 1.169346703608908911e-03
5.038394648829431333e+00 9.898200287494773875e-04 1.316793709612795737e-03 1.216994008515825954e-03 1.216994008590432941e-03 1.216994008643723646e-03 1.316793709484898045e-03 1.196913217327733037e-03 1.188735613915525846e-03 1.186459933045114212e-03 1.172974868460130438e-03
5.058428093645485291e+00 9.907167530087690466e-04 1.321175860500289900e-03 1.221504007446583273e-03 1.221504007780538359e-03 1.221504007595797248e-03 1.321175860368839494e-03 1.200880862477049504e-03 1.192469895631376176e-03 1.190127987118927422e-03 1.176630321928939793e-03
5.078461538461539249e+00 9.915954779700086874e-04 1.325590050619496196e-03 1.226050369901088288e-03 1.226050370036091408e-03 1.226050369908193716e-03 1.325590050331726388e-03 1.204879292938443314e-03 1.196231774784450863e-03 1.193822649916853607e-03 1.180313014639722269e-03
5.098494983277592318e+00 9.924552612083914482e-04 1.330036240979382001e-03 1.230633090958832554e-03 1.230633090909094562e-03 1.230633090834487575e-03 1.330036241274257236e-03 1.208908491708626798e-03 1.200021196982703486e-03 1.197543856715554966e-03 1.184022889937352829e-03
5.118528428093645388e+00 9.932951570732484470e-04 1.334514409951026437e-03 1.235252182198109949e-03 1.235252181949419992e-03 1.235252182283375078e-03 1.334514410199716394e-03 1.212968461693719746e-03 1.203838131388579313e-03 1.201291560668948932e-03 1.187759911314145711e-03
5.138561872909699346e+00 9.941141877369830127e-04 1.339024527087673277e-03 1.239907647896387743e-03 1.239907647807569901e-03 1.239907647992311013e-03 1.339024526707532914e-03 1.217059197692549333e-03 1.207682536790599670e-03 1.205065708063557395e-03 1.191524033259838689e-03
5.158595317725753304e+00 9.949113711620327649e-04 1.343566580469968130e-03 1.244599509647059676e-03 1.244599509874433352e-03 1.244599509455213138e-03 1.343566580640498387e-03 1.221180710899716360e-03 1.211554387889890450e-03 1.208866262523144997e-03 1.195315227210613784e-03
5.178628762541806374e+00 9.956856988537765574e-04 1.348140556338250917e-03 1.249327786862153289e-03 1.249327786702281173e-03 1.249327786727150169e-03 1.348140556316934635e-03 1.225333013199048082e-03 1.215453663093057912e-03 1.212693183145319153e-03 1.199133464321988640e-03
5.198662207357859444e+00 9.964361431222812371e-04 1.352746447061292656e-03 1.254092505504900146e-03 1.254092505753590103e-03 1.254092505334369889e-03 1.352746447313535327e-03 1.229516122357665608e-03 1.219380339922082612e-03 1.216546437699861372e-03 1.202978719845759770e-03
5.218695652173913402e+00 9.971616568620333965e-04 1.357384251583937385e-03 1.258893696764573633e-03 1.258893696952867458e-03 1.258893696750362778e-03 1.357384251477355974e-03 1.233730060341997614e-03 1.223334408091858450e-03 1.220425997370711002e-03 1.206850975869144804e-03
5.238729096989967360e+00 9.978611684751115263e-04 1.362053970083820786e-03 1.263731393937206349e-03 1.263731393997602481e-03 1.263731393944311776e-03 1.362053969852894397e-03 1.237974854355172738e-03 1.227315857857291803e-03 1.224331838034942166e-03 1.210750217399692019e-03
5.258762541806020430e+00 9.985335923836657912e-04 1.366755616473369628e-03 1.268605643886644430e-03 1.268605643954145989e-03 1.268605643982567699e-03 1.366755616672321594e-03 1.242250543512568584e-03 1.231324686898460641e-03 1.228263946799756923e-03 1.214676439797557350e-03
5.278795986622073499e+00 9.991778068574319605e-04 1.371489196849040582e-03 1.273516484744163790e-03 1.273516484125991610e-03 1.273516484477710264e-03 1.371489196742459171e-03 1.246557158395944498e-03 1.235360891431724895e-03 1.232222302103735956e-03 1.218629632024459397e-03
5.298829431438127457e+00 9.997926753158026258e-04 1.376254732154080784e-03 1.278463969132559441e-03 1.278463968944265616e-03 1.278463968890974911e-03 1.376254732448956020e-03 1.250894748029196535e-03 1.239424481074280493e-03 1.236206897065272869e-03 1.222609798293916583e-03
5.318862876254181415e+00 1.000377030599963746e-03 1.381052242273028696e-03 1.283448148715393700e-03 1.283448148868160388e-03 1.283448148559074298e-03 1.381052242251712414e-03 1.255263356146230080e-03 1.243515461712974002e-03 1.240217725143821781e-03 1.226616939636215875e-03
5.338896321070234485e+00 1.000929687297258397e-03 1.385881759183860140e-03 1.288469087686650028e-03 1.288469087608490327e-03 1.288469088088106673e-03 1.385881759048857020e-03 1.259663043747139000e-03 1.247633856291230359e-03 1.244254789675380835e-03 1.230651072081201391e-03
5.358929765886287555e+00 1.001449420428457415e-03 1.390743308874675677e-03 1.293526843870296261e-03 1.293526843571868312e-03 1.293526843426207051e-03 1.390743309208630762e-03 1.264093862566539883e-03 1.251779677208020303e-03 1.248318090169675543e-03 1.234712202794696623e-03
5.378963210702341513e+00 1.001934982546970332e-03 1.395636926819321388e-03 1.298621482781925351e-03 1.298621482831663343e-03 1.298621482792583492e-03 1.395636926424970170e-03 1.268555874844423670e-03 1.255952947229133088e-03 1.252407631760377171e-03 1.238800348840385368e-03
5.398996655518395471e+00 1.002385095937086135e-03 1.400562653184778128e-03 1.303753076310698589e-03 1.303753076300040448e-03 1.303753076413727285e-03 1.400562653174119987e-03 1.273049147492599786e-03 1.260153694428112203e-03 1.256523426615530070e-03 1.242915531673105534e-03
5.419030100334448541e+00 1.002798459381892826e-03 1.405520539567106653e-03 1.308921706709043065e-03 1.308921706783650052e-03 1.308921707014576441e-03 1.405520539321969409e-03 1.277573761740313785e-03 1.264381957760463138e-03 1.260665497856194861e-03 1.247057785125349483e-03
5.439063545150501611e+00 1.003173725610650990e-03 1.410510627525951577e-03 1.314127446978119451e-03 1.314127446796931054e-03 1.314127447130886139e-03 1.410510627167127495e-03 1.282129785344920947e-03 1.268637768543356970e-03 1.264833856776448329e-03 1.251227131966459183e-03
5.459096989966555569e+00 1.003509526441348498e-03 1.415532977048883367e-03 1.319370386610785317e-03 1.319370386159590680e-03 1.319370386529072903e-03 1.415532977098621359e-03 1.286717306300033670e-03 1.272921170976104577e-03 1.269028551178053021e-03 1.255423616811413012e-03
5.479130434782609527e+00 1.003804452185619311e-03 1.420587642162018938e-03 1.324650610484923163e-03 1.324650610591504574e-03 1.324650610243338633e-03 1.420587642019910390e-03 1.291336408751675435e-03 1.277232209105250149e-03 1.273249559261557806e-03 1.259647263303520504e-03
5.499163879598662596e+00 1.004057062306884518e-03 1.425674690541001155e-03 1.329968216044363771e-03 1.329968215934229647e-03 1.329968215795673814e-03 1.425674690214151497e-03 1.295987189944725060e-03 1.281570938594711606e-03 1.277496962572399752e-03 1.263898132226159987e-03
5.519197324414715666e+00 1.004265872371234991e-03 1.430794185846906430e-03 1.335323296455470654e-03 1.335323296991930420e-03 1.335323296800083881e-03 1.430794185903749849e-03 1.300669741073789965e-03 1.285937408596282694e-03 1.281770779794300097e-03 1.268176262893661033e-03
5.539230769230769624e+00 1.004429367370107684e-03 1.435946202740012723e-03 1.340715957525162594e-03 1.340715957365290478e-03 1.340715957319105200e-03 1.435946202960280971e-03 1.305384168038159487e-03 1.290331683016177067e-03 1.286071058007820511e-03 1.272481711986017672e-03
5.559264214046823582e+00 1.004545980652693515e-03 1.441130811944191237e-03 1.346146298352834947e-03 1.346146298065065139e-03 1.346146298264017105e-03 1.441130811883795104e-03 1.310130570651324433e-03 1.294753820573646408e-03 1.290397833908940584e-03 1.276814529912684293e-03
5.579297658862876652e+00 1.004614110094337320e-03 1.446348093914195942e-03 1.351614428493519426e-03 1.351614428298120174e-03 1.351614428401148871e-03 1.446348094155780473e-03 1.314909059267677094e-03 1.299203886425459586e-03 1.294751158745555131e-03 1.281174776572413521e-03
5.599331103678929722e+00 1.004632111058612054e-03 1.451598132117482010e-03 1.357120460923511018e-03 1.357120460969696296e-03 1.357120460770744330e-03 1.451598132078402159e-03 1.319719748622105726e-03 1.303681954130553322e-03 1.299131084550708692e-03 1.285562516713412151e-03
5.619364548494983680e+00 1.004598288336211453e-03 1.456881012341426640e-03 1.362664511148636848e-03 1.362664511713518323e-03 1.362664511120215138e-03 1.456881012163790956e-03 1.324562756153113696e-03 1.308188097333129463e-03 1.303537667286747137e-03 1.289977816934850807e-03
5.639397993311037638e+00 1.004510906454925134e-03 1.462196830150475080e-03 1.368246702018183214e-03 1.368246702384112723e-03 1.368246702284636740e-03 1.462196830434692174e-03 1.329438209968003548e-03 1.312722398413512792e-03 1.307970968575489223e-03 1.294420751580815931e-03
5.659431438127090708e+00 1.004368164743141278e-03 1.467545669541436837e-03 1.373867146973850595e-03 1.373867146746476919e-03 1.373867146806873052e-03 1.467545669537884123e-03 1.334346223600846315e-03 1.317284928997963789e-03 1.312431042176598339e-03 1.298891384667655302e-03
5.679464882943143778e+00 1.004168240697822512e-03 1.472927644972088501e-03 1.379525989520402618e-03 1.379525988852492446e-03 1.379525989129604113e-03 1.472927644936561364e-03 1.339286946450357618e-03 1.321875793344418071e-03 1.316917969941044930e-03 1.303389811535993204e-03
5.699498327759197736e+00 1.003909224973398295e-03 1.478342844070112960e-03 1.385223345423014507e-03 1.385223345398145511e-03 1.385223345128139272e-03 1.478342844055902106e-03 1.344260498996163733e-03 1.326495064667199131e-03 1.321431816499796241e-03 1.307916101293216116e-03
5.719531772575251694e+00 1.003589174427332864e-03 1.483791382213439647e-03 1.390959356054821683e-03 1.390959355859422431e-03 1.390959356072585251e-03 1.483791382156596228e-03 1.349267028341927244e-03 1.331142847611488378e-03 1.325972636774253033e-03 1.312470340991467310e-03
5.739565217391304763e+00 1.003206079559504360e-03 1.489273364786214415e-03 1.396734157260937081e-03 1.396734157349754923e-03 1.396734157317780500e-03 1.489273365212540057e-03 1.354306674539174082e-03 1.335819235379176462e-03 1.330540536677915497e-03 1.317052625033454660e-03
5.759598662207357833e+00 1.002757874505988411e-03 1.494788909894850804e-03 1.402547891888872300e-03 1.402547891810712599e-03 1.402547892087824266e-03 1.494788910033406637e-03 1.359379588350861923e-03 1.340524333102166565e-03 1.335135585559754645e-03 1.321663045651177981e-03
5.779632107023411791e+00 1.002242429571253979e-03 1.500338131723566448e-03 1.408400704878687293e-03 1.408400704598022912e-03 1.408400704839607442e-03 1.500338131538825337e-03 1.364485921872216068e-03 1.345258246434610783e-03 1.339757868898061588e-03 1.326301699808851708e-03
5.799665551839465749e+00 1.001657551306323057e-03 1.505921156983447418e-03 1.414292747622170054e-03 1.414292747938361572e-03 1.414292747405454520e-03 1.505921156883971435e-03 1.369625834655607832e-03 1.350021087130670594e-03 1.344407477503750670e-03 1.330968690613332228e-03
5.819698996655518819e+00 1.001000974760302142e-03 1.511538104178811182e-03 1.420224167716810371e-03 1.420224168029449174e-03 1.420224167670625093e-03 1.511538104548293404e-03 1.374799483144784062e-03 1.354812965331575469e-03 1.349084499459252129e-03 1.335664118801815903e-03
5.839732441471571889e+00 1.000270366461109006e-03 1.517189105829430673e-03 1.426195122885332012e-03 1.426195123340079363e-03 1.426195123269025089e-03 1.517189105769034541e-03 1.380007032647512233e-03 1.359633999523879311e-03 1.353789032886965060e-03 1.340388093939992586e-03
5.859765886287625847e+00 9.994633201380054288e-04 1.522874296604470601e-03 1.432205774921868624e-03 1.432205774730022085e-03 1.432205775131478731e-03 1.522874296504994618e-03 1.385248656593063288e-03 1.364484312773583952e-03 1.358521177753146958e-03 1.345140729704041860e-03
5.879799331103679805e+00 9.985773576737244639e-04 1.528593811979561679e-03 1.438256286540706697e-03 1.438256286593997402e-03 1.438256286416361718e-03 1.528593811904954691e-03 1.390524528069647658e-03 1.369364033408260184e-03 1.363281037647823268e-03 1.349922143074167025e-03
5.899832775919732875e+00 9.976099105166724712e-04 1.534347787860212975e-03 1.444346819585717867e-03 1.444346819454267461e-03 1.444346819585717867e-03 1.534347787671919150e-03 1.395834818929131416e-03 1.374273284000082640e-03 1.368068714626247129e-03 1.354732447943263196e-03
5.919866220735785944e+00 9.965583362578911419e-04 1.540136376959821973e-03 1.450477552047857444e-03 1.450477552111806290e-03 1.450477552275231119e-03 1.540136376782186289e-03 1.401179722009260331e-03 1.379212206050084433e-03 1.372884326254819598e-03 1.359571775747525635e-03
5.939899665551839902e+00 9.954199006720898524e-04 1.545959719877032512e-03 1.456648651377179249e-03 1.456648651494418800e-03 1.456648651021907881e-03 1.545959719923217790e-03 1.406559415286778858e-03 1.384180930294576228e-03 1.377727980571563648e-03 1.364440246824472069e-03
5.959933110367893860e+00 9.941917843896419527e-04 1.551817972476499108e-03 1.462860299486834492e-03 1.462860299220380966e-03 1.462860299405122078e-03 1.551817972462288253e-03 1.411974094917667344e-03 1.389179602746537512e-03 1.382599799562456155e-03 1.369337996937503021e-03
5.979966555183946930e+00 9.928710649376171204e-04 1.557711286444884990e-03 1.469112671482974974e-03 1.469112671035333051e-03 1.469112671134809034e-03 1.557711286444884990e-03 1.417423953547825022e-03 1.394208364754234708e-03 1.387499898029886936e-03 1.374265155568821228e-03
6.000000000000000000e+00 9.914547307658949649e-04 1.563639822062867779e-03 1.475405954820985244e-03 1.475405954650454987e-03 1.475405955108755052e-03 1.563639821959839082e-03 1.422909188661947155e-03 1.399267367215628610e-03 1.392428405342371889e-03 1.379221863597734909e-03
