Theta Mix4Av Mix6Av Mix8Av Mix10Av Kav Tav MedianMix4 95%Mix4 MedianMix6 95%Mix6 MedianMix8 95%Mix8 MedianMix10 95%Mix10
0 0.03766540583366 0.000641509672106 2.71561626308592E-05 2.17678670995196E-06 2.70048879819224E-05 2.42562674094846E-05 0.006848553163333 0.190535789383079 0.000313643233968 0.002396891873668 1.01949405594181E-05 0.000116149919239 1.10409570523406E-06 7.87706538978866E-06
2.02247191011236 0.037851454280822 0.000644205823301 2.72894624202372E-05 2.19135375220672E-06 2.70731654009677E-05 2.42992008931112E-05 0.006857330749094 0.191742867393453 0.000315362750274 0.002397746093036 1.02639009560464E-05 0.000116611628096 1.11258241156482E-06 7.93515470010395E-06
4.04494382022472 0.038418095126647 0.000652393565995 2.76988448199824E-05 2.2358106520768E-06 2.72794972533824E-05 2.44277215319209E-05 0.006947404382546 0.195416070044121 0.000321912021979 0.002400074811434 1.04507602500681E-05 0.000118017999679 1.136127733297E-06 8.11250162388973E-06
6.06741573033708 0.039390890002603 0.000666463401396 2.84045338855776E-05 2.31252007287591E-06 2.76362010456487E-05 2.46428143651524E-05 0.006962684133823 0.201715709566232 0.000329629763708 0.002446246822344 1.07188121607028E-05 0.000120686615253 1.177640951071E-06 8.41867281947631E-06
8.08988764044944 0.040815315220051 0.000686921896769 2.94429123903545E-05 2.42572273773946E-06 2.81551540766671E-05 2.49455052961188E-05 0.006992543711521 0.208345167031084 0.000342788023782 0.002537344775887 1.1079583422543E-05 0.000124992321827 1.22227078401574E-06 8.87076919946549E-06
10.1123595505618 0.042761645285352 0.000714652147684 3.08774100032699E-05 2.58250704305425E-06 2.88917644331476E-05 2.53427272148696E-05 0.007101691041712 0.217001557499062 0.000361174333376 0.002588644807981 1.16382416029543E-05 0.00013093220485 1.28787030571129E-06 9.52078953503996E-06
12.1348314606742 0.045331839176309 0.000751189147827 3.28058457611775E-05 2.79255134318649E-06 2.98758854527561E-05 2.58302624013663E-05 0.007468970611859 0.228247790245423 0.000389371017618 0.002659785493736 1.23646760275191E-05 0.000139412597765 1.34776680223975E-06 1.04761363723777E-05
14.1573033707865 0.048680113718625 0.000798301249395 3.53565414741882E-05 3.07109881205874E-06 3.1264317471476E-05 2.64516674776283E-05 0.007915800042537 0.247069670477895 0.000423533518384 0.002847221613669 1.32760893084252E-05 0.000150790258091 1.51128701394655E-06 1.17673241050806E-05
16.1797752808989 0.053033814498718 0.000858605933413 3.87396795702653E-05 3.44079998791445E-06 3.31699002054137E-05 2.71932615030481E-05 0.008431560614321 0.265800073660048 0.000465608523693 0.00308953841653 1.44047698167685E-05 0.00016600066953 1.69309419667428E-06 1.34260280898056E-05
18.2022471910112 0.058729252741051 0.000937089998881 4.32969883804096E-05 3.93667645522611E-06 3.59237724075135E-05 2.80615319156509E-05 0.008796848722206 0.286861188403331 0.000537069286866 0.003344972142746 1.59151776948177E-05 0.000186632961059 1.90780042664066E-06 1.52290258183453E-05
20.2247191011236 0.066295907262861 0.001041354853591 4.95632989076316E-05 4.614233606966E-06 4.06426712489104E-05 2.93559043122302E-05 0.009516787475899 0.314678900908804 0.000635536135117 0.00354868536629 1.75806382996598E-05 0.000215329199081 2.19262727330462E-06 1.76835821722585E-05
22.247191011236 0.076614338919354 0.00118237950659 5.8525204002383E-05 5.56833293076997E-06 4.87649944738179E-05 3.25473852451209E-05 0.010479080123927 0.370913948623851 0.000744193921449 0.003983103417235 2.03911112037681E-05 0.000256732665763 2.63904485400547E-06 2.17776269353745E-05
24.2696629213483 0.091193200156031 0.001383120474985 7.22603458513182E-05 6.97345734991115E-06 6.17761887916225E-05 3.85240444208146E-05 0.012247176489175 0.419022971259687 0.00087319214 0.004635354268247 2.42838424583292E-05 0.000336571552542 3.27093786664868E-06 2.6538248234967E-05
26.2921348314607 0.112778562189417 0.00168909050685 9.51483224956476E-05 9.18808036773876E-06 8.45884479470555E-05 5.12796997394602E-05 0.01400242851164 0.493724885203175 0.001127977389951 0.005433477273984 3.12236046595233E-05 0.000451480426771 4.26955783382586E-06 3.6983686797349E-05
28.314606741573 0.146176510933214 0.002204578004916 0.000140280663903 1.31823674186812E-05 0.000133037042342 7.74061779368567E-05 0.018779623141084 0.615227329034431 0.001332504189284 0.007358353055217 4.38202158660353E-05 0.000668561421052 6.18108697739234E-06 5.33612738323564E-05
30.3370786516854 0.244106729460393 0.003582411086021 0.000296417533865 2.33832097612855E-05 0.00026323172739 0.000164262161291 0.028818914948011 0.718170361965138 0.001934490199615 0.010368466833904 6.48371934402131E-05 0.001727240371199 9.50124299986973E-06 9.26529450962878E-05
32.3595505617978 0.605509867448707 0.006562505189316 0.000357734608173 3.98552311691064E-05 0.000441946328094 0.000333425979674 0.040557155609877 0.90614612345079 0.003588622887236 0.023261180169733 8.43957866972191E-05 0.001685709158989 1.22504908977416E-05 0.000148349503044
34.3820224719101 0.405684398033734 0.006352084583839 0.000299970445153 3.62752542452404E-05 0.000350228540496 0.000313341902375 0.041023220826587 1.02012450552958 0.003220797460134 0.019002590865413 8.16156029487313E-05 0.001202896431822 1.03696523206582E-05 0.000142738830885
36.4044943820225 0.284840445468555 0.004765681641702 0.000263064908264 2.712246402793E-05 0.000382072963938 0.000370680433781 0.034248934827847 0.773722572254462 0.002797567816653 0.015725501597984 6.85701416670789E-05 0.001048193625134 9.62109704988529E-06 0.000102079631311
38.4269662921348 0.175111246547086 0.004654403238901 0.000196881113982 2.1183244345432E-05 0.000251114067475 0.000255642497176 0.029107987445924 0.791772798122971 0.002304916666268 0.017348495461089 6.0674101144746E-05 0.000751767674594 7.85082942796032E-06 8.00876288267246E-05
40.4494382022472 0.14104386743063 0.004404608536684 0.000168979431389 1.84278265419662E-05 0.000209687798644 0.00023267116644 0.026548042419814 0.641305640312851 0.001944733702088 0.020197740746471 5.50003472605645E-05 0.000694871648174 7.01131086612011E-06 6.56817969375252E-05
42.4719101123596 0.118417774078542 0.003809929887031 0.000149791178835 1.62636039843529E-05 0.000188520809489 0.000224333156382 0.022978280381404 0.518276804367449 0.001656491372666 0.017369092039805 4.71177945295728E-05 0.00060901397354 6.18035422819302E-06 5.83279936845442E-05
44.4943820224719 0.10175816459454 0.003252030370347 0.000137643794795 1.51311854323742E-05 0.000182690204695 0.000224678183363 0.020281169392729 0.430017126091939 0.001542152046913 0.013952486736432 4.28111484623246E-05 0.000553024813492 5.93759426474668E-06 5.80664711430143E-05
46.5168539325843 0.088994289139157 0.00281713602894 0.000133390407189 1.46295946684604E-05 0.000189772531078 0.000233972616643 0.017867703803902 0.376198980980564 0.001379326175079 0.012656953053804 4.02662167262216E-05 0.000505286320867 5.64956449080639E-06 5.52619844685727E-05
48.5393258426966 0.078200270669765 0.002582278300791 0.000134875844339 1.50862042433114E-05 0.000206628244096 0.000246210813815 0.017731771047287 0.329751467706588 0.001234321693343 0.010540259320934 3.63466865272232E-05 0.000511257610314 5.67317800514752E-06 5.52066242035034E-05
50.561797752809 0.066773117741825 0.002512554518223 0.00013859884065 1.65986509214816E-05 0.000215961043789 0.000237095020182 0.017848507724061 0.291105979831351 0.001214384787661 0.009344034903034 3.68799123837555E-05 0.000601748459692 5.71041776608634E-06 5.93975567317651E-05
52.5842696629214 0.055523751582807 0.00243031152355 0.000142812159252 1.76615460566464E-05 0.000182997781154 0.000179381400484 0.016200081350609 0.228295024851336 0.001169203963455 0.008205061995882 3.83970123677612E-05 0.000733699649554 6.30077046905255E-06 6.35192437988307E-05
54.6067415730337 0.048895491816464 0.002306882218235 0.000169968123757 1.79621078994657E-05 0.000165976823176 0.000153889316429 0.015217979543083 0.205883612082052 0.001154394026279 0.007578693506123 3.67644853763493E-05 0.000915467337349 5.4760641435149E-06 7.21616183898968E-05
56.6292134831461 0.043817972858358 0.002232484947636 0.0001838669716 1.86937774678449E-05 0.00015932351216 0.000146688037137 0.014940115587646 0.15984659047588 0.00119116462658 0.007740897206988 3.77122279244942E-05 0.00102520859102 6.34011767248269E-06 7.59595958952512E-05
58.6516853932584 0.043482624715925 0.002217164790564 0.000179078468931 2.02636347879879E-05 0.000150170293018 0.000142000099181 0.015341651792574 0.197420757726159 0.001213363848031 0.00778982650903 4.11165343189511E-05 0.001003090725023 6.58226472587509E-06 8.766922573824E-05
60.6741573033708 0.043745057309299 0.002238858393021 0.000153128885684 2.01142326275785E-05 0.000129250543035 0.000133573198661 0.016048696286159 0.21179685969118 0.001217144463443 0.008013163495185 4.37352828177242E-05 0.000834332348324 7.05946127553696E-06 8.49967461998817E-05
62.6966292134832 0.044895054592216 0.00229916080968 0.000123397477069 1.98601485154121E-05 0.000110082913044 0.000123917928615 0.01716775510257 0.191005135460315 0.001230866477031 0.008643705683249 4.63120025852231E-05 0.000535546508979 7.16795008176313E-06 8.17156417260992E-05
64.7191011235955 0.044957784290406 0.002407168531833 0.000103347271873 2.02574462419993E-05 0.000108696346772 0.000117790062809 0.0190015037306 0.198945153464167 0.001276791042414 0.00915620753041 4.55519965859362E-05 0.00040023440082 7.5145831329613E-06 8.39718954537631E-05
66.7415730337079 0.043492071692579 0.002575781194101 9.37277497327824E-05 2.08067085815013E-05 0.000121096748968 0.000113755630985 0.020130682268027 0.164528080513934 0.001333432206995 0.010149151333937 4.99676449691408E-05 0.000346838865983 7.45055013869132E-06 9.38010641000108E-05
68.7640449438202 0.041929792882332 0.002806901996769 8.94735479910986E-05 2.17917847962272E-05 0.000141704082686 0.000110099147764 0.021093088631231 0.144123925145578 0.001474339018794 0.01149996818088 4.90488578015114E-05 0.000315874672082 7.17979387900426E-06 9.45282377331979E-05
70.7865168539326 0.040445708424086 0.003265741688502 8.95106048158339E-05 2.33402891667503E-05 0.000162599954836 0.000106183452916 0.024366246742621 0.130311883353895 0.001449572750764 0.013279707770374 4.98102965830173E-05 0.000353082397069 7.73957242178073E-06 9.90224284822899E-05
72.8089887640449 0.038437651439601 0.003874385454279 9.20618381013081E-05 2.53006908688164E-05 0.000179720905382 0.000101049634033 0.024848192267803 0.112712037906766 0.001485052506083 0.015925976219448 4.9977535658923E-05 0.000354866427684 8.64474696282819E-06 9.75742722273822E-05
74.8314606741573 0.036398371670074 0.004598067097122 9.73143389174837E-05 2.92696430420696E-05 0.000193990262128 9.51611747554892E-05 0.024947390227805 0.110769009353126 0.001601911113073 0.018313049556118 5.148796154385E-05 0.000356499875835 9.70938501883073E-06 0.000101696257126
76.8539325842697 0.035319155652413 0.005187502048553 0.000117453521158 3.53230426545575E-05 0.000206634630898 9.57775540580612E-05 0.023243764864886 0.105277713362864 0.00178059255248 0.02084090155215 5.44591156953708E-05 0.00037413744245 1.06712535592195E-05 0.000109682121008
78.876404494382 0.036866540633332 0.005524940437811 0.000122397598054 3.18449046225207E-05 0.00020036898026 0.000100833351596 0.022264776053429 0.120197492263916 0.001945883043143 0.02261070987927 6.00960497329101E-05 0.000471696957841 1.07778787301487E-05 0.000102547152855
80.8988764044944 0.040143151285976 0.005972753992613 0.000139322630682 3.26690668295303E-05 0.000194041537143 0.000117713886942 0.022810717273068 0.148532144113381 0.002073954322361 0.02550642902932 6.57459665128766E-05 0.000528262917123 9.7383561729277E-06 0.000101752743732
82.9213483146068 0.044035804586346 0.006301596728592 0.000154277594822 3.24137981296488E-05 0.000189979506092 0.000136543674008 0.019601240987197 0.176323749979349 0.002323433264572 0.023684940474216 6.11707697031779E-05 0.000502357578796 9.85471564887915E-06 0.000109922164351
84.9438202247191 0.048411883956755 0.007599211531096 0.000151035866142 3.77170570334928E-05 0.000209789816149 0.000150944388924 0.016040916022312 0.200467068460253 0.002499446571145 0.021548000764649 6.00528713739035E-05 0.000536632038256 1.04198653301848E-05 0.000104395316356
86.9662921348315 0.053997573234091 0.007985562996696 0.000150420045247 3.35393773498482E-05 0.000205500196984 0.000166453384172 0.015003664755472 0.21438258677534 0.002547127549486 0.025752480202516 5.83665679534718E-05 0.000594611206433 1.01936341831011E-05 9.91297911566334E-05
88.9887640449438 0.048908054663884 0.007317784666264 0.000130783502907 2.8862336013312E-05 0.000170584115757 0.0001676758413 0.013817710245013 0.219195901417487 0.002566866924974 0.027850565190879 5.45012502315061E-05 0.000506067209352 1.14541944249268E-05 9.08377934985811E-05
91.0112359550562 0.050169092882079 0.006853234218261 0.00012269416312 2.70785753592239E-05 0.000161165056551 0.000171680519635 0.015849474751081 0.237740958069596 0.002700556853303 0.025967013473663 5.83073293049414E-05 0.000457728635386 1.11636513264158E-05 9.16606847365723E-05
93.0337078651685 0.05304762787384 0.006893598766091 0.000121681700036 2.66246574917953E-05 0.000162214515962 0.000175171089176 0.017874386797871 0.239348114219654 0.002641327357371 0.026349801880986 6.08650556267696E-05 0.000450679802925 1.11439411856065E-05 9.54817085017926E-05
95.0561797752809 0.053457986883586 0.006814774649276 0.000128727659197 2.67698171237006E-05 0.000165544903787 0.000172578353787 0.022314763472293 0.22732193809627 0.002822775729013 0.025651053844673 6.12646339848623E-05 0.000498964529416 1.00149124337157E-05 0.000106368606597
97.0786516853933 0.050704945857013 0.006614075516699 0.000142057279143 2.73595405176604E-05 0.000174536898834 0.000167483232345 0.025554444132846 0.18204781391441 0.002893296717793 0.025410507212589 7.14261886085478E-05 0.000526947176697 9.70791481620078E-06 0.000111505757126
99.1011235955056 0.045892799573397 0.006365115183309 0.0001613480533 2.78603586025624E-05 0.000188682370881 0.000169620003039 0.026140397868852 0.146605414919295 0.00270072623009 0.022983604057128 8.28532293901305E-05 0.000619025507194 9.96488789010047E-06 0.000118712537655
101.123595505618 0.044106199864874 0.006195055419439 0.000186814000937 2.84933978626567E-05 0.000208411121274 0.000182068149517 0.026179358927182 0.1534708761046 0.002598947431591 0.023440527392789 9.45496020696744E-05 0.000694553134008 1.0378449376552E-05 0.00011734851261
103.14606741573 0.047602889312135 0.006527967985612 0.000203860895406 2.92525157882584E-05 0.000221951477972 0.000203156204444 0.027590089789819 0.17206497453349 0.002880965889788 0.024789372938642 9.91611783047456E-05 0.000836658976981 9.91575558910336E-06 0.000129277930895
105.168539325843 0.051917299143731 0.007300444118185 0.000213144289899 3.04905013680645E-05 0.000231114178735 0.000223439861388 0.029941188738518 0.180950325684062 0.003365327394093 0.027681696867917 9.641125922624E-05 0.000855448296459 1.0242206298115E-05 0.000143799215237
107.191011235955 0.055745401190612 0.008377085525647 0.00021766128617 3.34518988295132E-05 0.000235874076681 0.000232854844424 0.032787639034239 0.194467053113065 0.00402601304121 0.027694946153934 0.000112034701771 0.000859041669103 1.10357172353683E-05 0.000161143398498
109.213483146067 0.060890822638984 0.009138187234879 0.000230395685821 3.94553358396792E-05 0.000242814041307 0.000219151831814 0.03382519011959 0.248624922132084 0.004731449478982 0.030384438455269 0.000110931730758 0.000850836018665 1.26359049216458E-05 0.000191399903011
111.23595505618 0.069416074485568 0.009770262032105 0.000247693477269 4.48858695822352E-05 0.000242475156018 0.000216455895003 0.038469695500667 0.238078729182645 0.005304329938731 0.03290058887371 0.000114134390559 0.000994771500137 1.27916992303971E-05 0.00019990943139
113.258426966292 0.074321701603876 0.011122026474601 0.000270688182675 4.6659402009117E-05 0.000235493326477 0.000237069007754 0.044380680788271 0.257895385287921 0.005962005364617 0.038002392128303 0.000132506750571 0.001059739430888 1.22720856982929E-05 0.000242304664889
115.280898876405 0.078109236779842 0.012216286423834 0.000299215757341 4.89968020520037E-05 0.000242369280582 0.000269904323157 0.049244286595162 0.286916884782547 0.006350575558575 0.042117034274508 0.000159411734953 0.001146230982418 1.43877020855918E-05 0.000245060925432
117.303370786517 0.081542573671845 0.012891763216801 0.000328417065535 5.08593183231251E-05 0.0002668604326 0.00031407333474 0.053270592185846 0.252267504835607 0.006147849859101 0.044634631769994 0.000170740593237 0.001197963951651 1.60399429409238E-05 0.000231741579003
119.325842696629 0.083234505970615 0.012877422168116 0.000366193865663 5.22570499382042E-05 0.00029943937424 0.000369309052304 0.059578891593834 0.25895081193895 0.005861222966919 0.04705844702636 0.000194696191471 0.001351527969585 1.81109833073756E-05 0.000198196066889
121.348314606742 0.09055587191267 0.01216020055524 0.00040812643873 5.40951379182954E-05 0.000337474182629 0.000434624714941 0.066680592224622 0.271684539222313 0.005012183541337 0.049062210223157 0.000207676807891 0.001430962280311 1.99894109217154E-05 0.000183869459668
123.370786516854 0.102056786847241 0.011254165093875 0.000453636085503 5.58331989698602E-05 0.000377044898508 0.000505662363287 0.073088983257276 0.311622070031799 0.003941085472455 0.048084213067685 0.00021637349389 0.001667834316527 2.1814416698148E-05 0.00018648073162
125.393258426966 0.121406489476065 0.011395159878371 0.000496549387814 5.85231375243218E-05 0.000414783494913 0.000573536349106 0.085522070842591 0.392303338029426 0.004723733160607 0.048112052687632 0.000223080588091 0.001858638089698 2.23056845460639E-05 0.000188976129977
127.415730337079 0.152078148256193 0.012282928388649 0.00055493751981 6.42081348509086E-05 0.000480397637067 0.000637643954157 0.088282680749498 0.528643268550007 0.005321066378312 0.051383152800311 0.00023659780435 0.002392119077454 2.01574096067439E-05 0.000216282742782
129.438202247191 0.197969436714852 0.014775207997473 0.000596590559852 7.19847210523172E-05 0.000567797454025 0.000664010888678 0.096767364453369 0.718326585287864 0.005956323666596 0.052508680961616 0.000235252860389 0.002797756151715 1.9104905743253E-05 0.000267765477639
131.460674157303 0.247753658030224 0.016186840125305 0.000671369705132 7.57752869297822E-05 0.000694431362197 0.000735502018506 0.102496948224505 0.927726747003099 0.006449983184817 0.062015641315674 0.000229340508124 0.002906478777312 1.865845397493E-05 0.000317871441988
133.483146067416 0.273534510550286 0.017227104845154 0.000667473385855 8.00834464896955E-05 0.000764017465626 0.000790540619748 0.106429499485742 1.0659145847863 0.00669404262969 0.074030064932997 0.000215578061583 0.002857393565603 1.63350864062927E-05 0.000366140477243
135.505617977528 0.345189411926624 0.020959962772317 0.000680952545163 8.50074863334953E-05 0.000815433523844 0.000885599623912 0.113183177957143 1.03707070429384 0.006703573325587 0.095663690741277 0.000213542738589 0.003207739921488 1.57094838428594E-05 0.000403827478617
137.52808988764 0.266294858366872 0.022401215478841 0.000781446050296 9.0150393438894E-05 0.000872779337503 0.000987388489018 0.11408977322 1.02258585670609 0.00635997363607 0.108753852623673 0.000223167399785 0.00345642444567 1.53768317491899E-05 0.000525920360449
139.550561797753 0.287020070123262 0.02475015339605 0.000829423715524 9.08817189647919E-05 0.000926187871978 0.000987099455305 0.10500742153606 0.978469449136808 0.006419396173647 0.08814659447952 0.000241643526867 0.002906394759002 1.48703730112923E-05 0.000465431930369
141.573033707865 0.298329480868758 0.024861130752736 0.000866045455125 9.74085005824154E-05 0.000970312153547 0.000958762553399 0.095677709928447 1.0523465396619 0.006214589683938 0.083008827375768 0.000238084218177 0.003233074484392 1.56160525504746E-05 0.000488365806058
143.595505617978 0.328695730240547 0.024881284433075 0.000846905300327 7.72173580864915E-05 0.000986562978281 0.000951575926799 0.115020335642606 1.0544936538581 0.005795391455999 0.081741186464517 0.00024858416376 0.00289894182253 1.79628135873449E-05 0.000381313162752
145.61797752809 0.310174590271287 0.02120778166837 0.000888490656197 7.77955869068579E-05 0.000965477035617 0.000936319296141 0.12688379206479 1.12915038256193 0.005664621276259 0.07807868381862 0.000266980397503 0.00304025680123 2.08190661459318E-05 0.000373511639202
147.640449438202 0.348896432799897 0.022213984856299 0.000999156157733 7.81867308920534E-05 0.00111245585046 0.001015096744294 0.139576884933202 1.52963066583138 0.0056152142705 0.087028283113993 0.000278606242704 0.003000410577556 2.46949427660086E-05 0.000327015211174
149.662921348315 0.40599084370623 0.024010960225051 0.001047529289063 8.59259264593714E-05 0.001216269344124 0.001030303914813 0.146319452003093 1.80612481316879 0.005344693096275 0.098726388519378 0.000312822563406 0.002879045641797 3.16634891888109E-05 0.000350291720294
151.685393258427 0.524379585892223 0.027450004898932 0.001034511762565 0.000103374363268 0.001289324148938 0.000993192810704 0.152237378762515 2.24504218167152 0.005757393939501 0.125801349392168 0.000351176349307 0.003021268840042 3.49535256621322E-05 0.000459582088571
153.707865168539 0.515573413547626 0.026847266708452 0.001014920008973 0.000115233390396 0.001378341666339 0.001005464608696 0.159266788436733 1.84134940619827 0.006840018141744 0.113377581306281 0.000416985781657 0.003404447669772 3.74003729072911E-05 0.000536114631405
155.730337078652 0.359455746912177 0.026130097169241 0.00111099161498 0.000100501815313 0.001508921942654 0.001156711726499 0.156140334743993 1.11827700934342 0.008611670324663 0.091431950973817 0.000449910499149 0.003723850087867 4.62310377511012E-05 0.000451642257426
157.752808988764 0.429492916277802 0.026715055848773 0.001333299223951 9.20764520732259E-05 0.00163472339573 0.001586795420127 0.161029880990607 1.36547809572696 0.011206936526778 0.078062964348622 0.000467084879088 0.005526367811409 4.47065648474913E-05 0.00032622312882
159.775280898876 0.753295934758265 0.026089550140345 0.001150874769092 7.64986485244334E-05 0.001474703513505 0.001734208235566 0.168662961252558 2.24000547735521 0.011053805942298 0.07700914040294 0.000413606880363 0.004217199792053 3.50654475826329E-05 0.000274532539342
161.797752808989 1.05064369854702 0.027543255102868 0.000808922564641 6.08105246512854E-05 0.001364860959589 0.001398270432385 0.144719412051583 2.28644584154694 0.009146239301072 0.065578829044071 0.000308285394271 0.002283871634543 2.99227069695322E-05 0.000219883419271
163.820224719101 1.91420453826985 0.041861528984461 0.000910408429147 5.10077223161054E-05 0.00144959567367 0.001327927109842 0.13250851856703 2.1721833665805 0.008096296283984 0.059346982418695 0.000253940966356 0.002231189552685 2.28303877346605E-05 0.000179540438569
165.842696629214 2.49628992615281 0.057552504413931 0.000801818832159 4.27226916997954E-05 0.001617645877459 0.001085760941361 0.11402486636629 1.64283529010598 0.00678645833041 0.056025960786352 0.000214565797257 0.002283160357321 1.93330801510974E-05 0.000152236130664
167.865168539326 1.35014989649445 0.039546282215199 0.000578234863212 3.82779818053873E-05 0.001291168174998 0.000813983463602 0.10541570065238 1.5700393553896 0.005794720320904 0.053272774162808 0.000192343497868 0.002194856563772 1.721175878107E-05 0.000139789987882
169.887640449438 0.842823289626748 0.029627278746575 0.000489290426679 3.74051461938028E-05 0.001121085277725 0.000990817851292 0.094902832473835 1.5497565514707 0.005163616553332 0.05362514241083 0.000183082988747 0.001990641214544 1.56174011432489E-05 0.000129844890297
171.910112359551 0.625258538377691 0.024917663155615 0.000485560177462 3.27598780467622E-05 0.000974331920583 0.000824084946375 0.089289264854793 1.31523833926269 0.004916105819477 0.05113454150851 0.000181652518509 0.001991320049897 1.38326207140648E-05 0.000120556690134
173.932584269663 0.522308623054175 0.022455740545975 0.000468583516547 3.07526502987128E-05 0.000917354323115 0.000786187999063 0.086404063518743 1.22574416358826 0.004831680334537 0.051070376327569 0.000171459837108 0.001929187538671 1.27506310423024E-05 0.000114948309471
175.955056179775 0.468428279399408 0.021085393381039 0.000455292433961 2.95077289586823E-05 0.000881082229608 0.000765323099195 0.085949572266898 1.16829392033334 0.004744829154313 0.049277263258869 0.000168201109497 0.001878169017969 1.24239663318521E-05 0.000112978534558
177.977528089888 0.441561006979243 0.020376486613085 0.000447266730099 2.88124422670007E-05 0.000861029657204 0.000753745609329 0.087024748618765 1.13613045631662 0.004673823164786 0.049173338598713 0.000165634537297 0.001846276864527 1.21599529954657E-05 0.000111062955468
180 0.433349606113831 0.020171884185998 0.000444607672834 2.85870964195696E-05 0.000854700587264 0.000749991106336 0.087723743218079 1.12671866921584 0.004661438333495 0.049139039293848 0.000165195745619 0.001831319530134 1.21252620496967E-05 0.000111435660176
